1716
3	5	69	69	1.025	0.008913	0	a
3	5	150	150	0.982	0.008627	0	a
3	5	164	164	1.052	0.009093	0	a
3	5	163	163	1.03613	0.008988	0	a
3	5	192	192	1.01	0.008813	0	a
3	5	201	201	1.05	0.00908	0	a
3	5	206	206	1	0.008747	0	a
3	5	209	209	1.04	0.009013	0	a
3	5	212	212	1	0.008747	0	a
3	5	211	211	1.03357	0.00897	0	a
3	5	215	215	1.016	0.008853	0	a
3	5	218	218	1	0.008747	0	a
3	5	220	220	1.05	0.00908	0	a
3	5	229	229	0.911163	0.008154	0	a
3	5	228	228	0.861693	0.007825	0	a
3	5	230	230	1.09892	0.009406	0	a
3	5	219	219	1.09766	0.009398	0	a
3	5	231	231	1.01499	0.008847	0	a
3	5	232	232	1.0142	0.008841	0	a
3	5	233	233	1.00038	0.008749	0	a
3	5	234	234	0.980843	0.008619	0	a
3	5	235	235	0.974945	0.00858	0	a
3	5	236	236	0.942538	0.008364	0	a
3	5	237	237	0.971133	0.008554	0	a
3	5	58	58	0.950044	0.008414	0	a
3	5	238	238	0.959359	0.008476	0	a
3	5	239	239	0.999868	0.008746	0	a
3	5	240	240	0.973505	0.00857	0	a
3	5	241	241	0.957224	0.008461	0	a
3	5	242	242	1.0183	0.008869	0	a
3	5	243	243	1.01238	0.008829	0	a
3	5	244	244	0.973155	0.008568	0	a
3	5	247	247	1.05	0.00908	0	a
3	5	248	248	1.05	0.00908	0	a
3	5	249	249	1.032	0.00896	0	a
3	5	250	250	1.014	0.00884	0	a
3	5	251	251	1.05	0.00908	0	a
3	5	252	252	1.05	0.00908	0	a
3	5	17	17	1.06401	0.009173	0	a
3	5	253	253	1.05	0.00908	0	a
3	5	254	254	1.029	0.00894	0	a
3	5	255	255	1.05	0.00908	0	a
3	5	33	33	1.05173	0.009092	0	a
3	5	256	256	1.014	0.00884	0	a
3	5	258	258	0.996	0.00872	0	a
3	5	259	259	1.021	0.008887	0	a
3	5	260	260	1.014	0.00884	0	a
3	5	261	261	1.001	0.008753	0	a
3	5	262	262	0.989	0.008673	0	a
3	5	263	263	1.05	0.00908	0	a
3	5	264	264	1.05	0.00908	0	a
3	5	265	265	1.014	0.00884	0	a
3	5	145	145	1.03269	0.008965	0	a
3	5	144	144	1.03907	0.009007	0	a
3	5	141	141	1.0355	0.008983	0	a
3	5	275	275	0.981013	0.00862	0	a
3	5	277	277	0.986694	0.008658	0	a
3	5	278	278	0.981967	0.008626	0	a
3	5	279	279	0.982234	0.008628	0	a
3	5	276	276	0.98516	0.008648	0	a
3	5	274	274	0.988297	0.008669	0	a
3	5	267	267	0.994	0.008707	0	a
3	5	280	280	0.927609	0.008264	0	a
3	5	281	281	0.930942	0.008286	0	a
3	5	282	282	0.926746	0.008258	0	a
3	5	283	283	0.940764	0.008352	0	a
3	5	284	284	0.932795	0.008299	0	a
3	5	285	285	0.938039	0.008334	0	a
3	5	286	286	0.93495	0.008313	0	a
3	5	287	287	0.930111	0.008281	0	a
3	5	288	288	0.932199	0.008295	0	a
3	5	289	289	0.936363	0.008322	0	a
3	5	290	290	0.933677	0.008305	0	a
3	5	269	269	0.936363	0.008322	0	a
3	5	291	291	0.938598	0.008337	0	a
3	5	292	292	1	0.008747	0	a
3	5	293	293	0.975318	0.008582	0	a
3	5	295	295	1	0.008747	0	a
3	5	296	296	1	0.008747	0	a
3	5	297	297	0.94935	0.008409	0	a
3	5	298	298	0.950858	0.008419	0	a
3	5	299	299	0.97806	0.0086	0	a
3	5	273	273	1.0005	0.00875	0	a
3	5	300	300	1.04052	0.009017	0	a
3	5	294	294	1	0.008747	0	a
3	5	270	270	1.00895	0.008806	0	a
3	5	1	1	1.02762	0.008931	0	a
3	5	4	4	1.02979	0.008945	0	a
3	5	6	6	1.03043	0.00895	0	a
3	5	9	9	1.00275	0.008765	0	a
3	5	10	10	1.02	0.00888	0	a
3	5	13	13	0.997439	0.00873	0	a
3	5	14	14	0.998568	0.008737	0	a
3	5	21	21	0.996148	0.008721	0	a
3	5	23	23	1.00543	0.008783	0	a
3	5	24	24	1.02288	0.008899	0	a
3	5	25	25	0.99818	0.008735	0	a
3	5	26	26	0.974784	0.008579	0	a
3	5	22	22	1.04959	0.009077	0	a
3	5	19	19	1.001	0.008753	0	a
3	5	28	28	1.03917	0.009008	0	a
3	5	30	30	0.99726	0.008728	0	a
3	5	45	45	0.995886	0.008719	0	a
3	5	46	46	0.993421	0.008703	0	a
3	5	50	50	0.991103	0.008687	0	a
3	5	51	51	0.978138	0.008601	0	a
3	5	52	52	1.02273	0.008898	0	a
3	5	53	53	0.989971	0.00868	0	a
3	5	55	55	0.958	0.008467	0	a
3	5	56	56	0.947546	0.008397	0	a
3	5	49	49	1.03297	0.008966	0	a
3	5	59	59	0.978184	0.008601	0	a
3	5	65	65	0.988956	0.008673	0	a
3	5	67	67	0.984937	0.008646	0	a
3	5	70	70	0.98706	0.00866	0	a
3	5	80	80	1	0.008747	0	a
3	5	82	82	1.00593	0.008786	0	a
3	5	85	85	0.995686	0.008718	0	a
3	5	88	88	0.99	0.00868	0	a
3	5	91	91	0.971704	0.008558	0	a
3	5	92	92	0.967841	0.008532	0	a
3	5	94	94	0.90538	0.008116	0	a
3	5	95	95	1.01809	0.008867	0	a
3	5	96	96	0.797834	0.007399	0	a
3	5	110	110	0.984787	0.008645	0	a
3	5	113	113	1.01614	0.008854	0	a
3	5	114	114	1.01442	0.008843	0	a
3	5	117	117	1.055	0.009113	0	a
3	5	118	118	1.00805	0.0088	0	a
3	5	123	123	1.0153	0.008849	0	a
3	5	126	126	1.052	0.009093	0	a
3	5	128	128	1.073	0.009233	0	a
3	5	129	129	0.985511	0.00865	0	a
3	5	130	130	1.00314	0.008768	0	a
3	5	131	131	1.053	0.0091	0	a
3	5	133	133	0.82955	0.00761	0	a
3	5	135	135	0.963	0.0085	0	a
3	5	139	139	0.974114	0.008574	0	a
3	5	140	140	1.04349	0.009037	0	a
3	5	142	142	1.0194	0.008876	0	a
3	5	143	143	1.02946	0.008943	0	a
3	5	146	146	0.966129	0.008521	0	a
3	5	149	149	0.929	0.008273	0	a
3	5	111	111	1.00146	0.008756	0	a
3	5	156	156	1.007	0.008793	0	a
3	5	159	159	0.965619	0.008517	0	a
3	5	161	161	1.04085	0.009019	0	a
3	5	162	162	0.947936	0.0084	0	a
3	5	132	132	1.043	0.009033	0	a
3	5	134	134	1.04083	0.009019	0	a
3	5	115	115	1.04525	0.009048	0	a
3	5	165	165	1.065	0.00918	0	a
3	5	166	166	1.065	0.00918	0	a
3	5	160	160	1.05038	0.009083	0	a
3	5	167	167	1.05212	0.009094	0	a
3	5	169	169	1.055	0.009113	0	a
3	5	170	170	1.043	0.009033	0	a
3	5	171	171	0.936539	0.008324	0	a
3	5	204	204	0.94433	0.008376	0	a
3	5	173	173	1.03667	0.008991	0	a
3	5	178	178	0.926747	0.008258	0	a
3	5	179	179	0.913243	0.008168	0	a
3	5	180	180	0.969459	0.008543	0	a
3	5	181	181	0.987176	0.008661	0	a
3	5	182	182	1.00153	0.008757	0	a
3	5	186	186	1.01474	0.008845	0	a
3	5	188	188	0.99906	0.00874	0	a
3	5	193	193	0.99087	0.008686	0	a
3	5	195	195	0.9696	0.008544	0	a
3	5	200	200	1	0.008747	0	a
3	5	202	202	0.996689	0.008725	0	a
3	5	203	203	0.998937	0.00874	0	a
3	5	205	205	1.01458	0.008844	0	a
3	5	208	208	1.04737	0.009062	0	a
3	5	207	207	1.03938	0.009009	0	a
3	5	214	214	1.00943	0.00881	0	a
3	5	217	217	1.01	0.008813	0	a
3	5	222	222	1.01	0.008813	0	a
3	5	223	223	0.987874	0.008666	0	a
3	5	225	225	0.954137	0.008441	0	a
3	5	224	224	0.962799	0.008499	0	a
3	5	221	221	0.993	0.0087	0	a
3	5	226	226	0.938428	0.008336	0	a
3	5	227	227	0.863059	0.007834	0	a
3	5	245	245	1.08693	0.009326	0	a
3	5	246	246	0.962276	0.008495	0	a
3	5	266	266	1.0089	0.008806	0	a
3	5	268	268	0.943023	0.008367	0	a
3	5	272	272	0.954324	0.008442	0	a
3	5	271	271	0.968856	0.008539	0	a
3	5	2	2	1.03464	0.008978	0	a
3	5	5	5	1.0183	0.008869	0	a
3	5	8	8	1.015	0.008847	0	a
3	5	12	12	0.996673	0.008724	0	a
3	5	20	20	0.974843	0.008579	0	a
3	5	11	11	1.0052	0.008781	0	a
3	5	16	16	1.03027	0.008948	0	a
3	5	18	18	0.981538	0.008624	0	a
3	5	72	72	0.991828	0.008692	0	a
3	5	7	7	0.992447	0.008696	0	a
3	5	3	3	0.996163	0.008721	0	a
3	5	34	34	1.01894	0.008873	0	a
3	5	40	40	1.03096	0.008953	0	a
3	5	41	41	0.97527	0.008582	0	a
3	5	43	43	1.04648	0.009057	0	a
3	5	44	44	1.02306	0.0089	0	a
3	5	47	47	1.00269	0.008765	0	a
3	5	48	48	1.01346	0.008836	0	a
3	5	37	37	0.998058	0.008734	0	a
3	5	54	54	1.01523	0.008848	0	a
3	5	57	57	0.959048	0.008474	0	a
3	5	60	60	0.968515	0.008537	0	a
3	5	62	62	0.992709	0.008698	0	a
3	5	63	63	0.963	0.0085	0	a
3	5	29	29	0.974643	0.008578	0	a
3	5	64	64	0.982726	0.008632	0	a
3	5	66	66	0.980261	0.008615	0	a
3	5	71	71	0.990772	0.008685	0	a
3	5	73	73	1.0098	0.008812	0	a
3	5	74	74	1.03079	0.008952	0	a
3	5	76	76	1.052	0.009093	0	a
3	5	75	75	1.0256	0.008917	0	a
3	5	77	77	1.052	0.009093	0	a
3	5	84	84	1.02855	0.008937	0	a
3	5	15	15	1.03337	0.008969	0	a
3	5	78	78	0.992765	0.008698	0	a
3	5	79	79	1.01816	0.008868	0	a
3	5	83	83	1.00064	0.008751	0	a
3	5	86	86	1.02186	0.008892	0	a
3	5	87	87	1.00857	0.008804	0	a
3	5	81	81	0.989287	0.008675	0	a
3	5	90	90	0.9721	0.008561	0	a
3	5	93	93	0.973884	0.008573	0	a
3	5	89	89	0.973692	0.008571	0	a
3	5	98	98	1.043	0.009033	0	a
3	5	99	99	0.911239	0.008155	0	a
3	5	100	100	0.939448	0.008343	0	a
3	5	97	97	0.800353	0.007416	0	a
3	5	102	102	0.987021	0.00866	0	a
3	5	104	104	1.01	0.008813	0	a
3	5	103	103	1.023	0.0089	0	a
3	5	137	137	0.942705	0.008365	0	a
3	5	101	101	0.910499	0.00815	0	a
3	5	136	136	0.909018	0.00814	0	a
3	5	138	138	0.894208	0.008041	0	a
3	5	107	107	0.997534	0.00873	0	a
3	5	108	108	0.997175	0.008728	0	a
3	5	105	105	0.975943	0.008586	0	a
3	5	148	148	0.982118	0.008627	0	a
3	5	116	116	1.04481	0.009045	0	a
3	5	106	106	0.990015	0.00868	0	a
3	5	112	112	0.99845	0.008736	0	a
3	5	147	147	0.997556	0.00873	0	a
3	5	109	109	1.01682	0.008859	0	a
3	5	120	120	1.051	0.009087	0	a
3	5	125	125	1.052	0.009093	0	a
3	5	153	153	1.03378	0.008972	0	a
3	5	151	151	0.980019	0.008613	0	a
3	5	119	119	1.03932	0.009009	0	a
3	5	127	127	1.04522	0.009048	0	a
3	5	158	158	0.850269	0.007748	0	a
3	5	155	155	1.052	0.009093	0	a
3	5	154	154	0.927492	0.008263	0	a
3	5	157	157	0.917864	0.008199	0	a
3	5	152	152	0.819533	0.007544	0	a
3	5	121	121	0.995164	0.008714	0	a
3	5	124	124	0.999588	0.008744	0	a
3	5	122	122	1.043	0.009033	0	a
3	5	168	168	0.9954	0.008716	0	a
3	5	172	172	0.991561	0.00869	0	a
3	5	174	174	1.02584	0.008919	0	a
3	5	191	191	1.00785	0.008799	0	a
3	5	68	68	1.02632	0.008922	0	a
3	5	176	176	0.988115	0.008667	0	a
3	5	185	185	0.999041	0.00874	0	a
3	5	189	189	0.965395	0.008516	0	a
3	5	197	197	0.998246	0.008735	0	a
3	5	198	198	1.0398	0.009012	0	a
3	5	196	196	1.01176	0.008825	0	a
3	5	210	210	1.04466	0.009044	0	a
3	5	213	213	1.0351	0.008981	0	a
3	5	199	199	1.008	0.0088	0	a
3	5	216	216	1.04372	0.009038	0	a
3	5	194	194	0.983412	0.008636	0	a
3	5	177	177	1.015	0.008847	0	a
3	5	187	187	0.992606	0.008697	0	a
3	5	184	184	0.979256	0.008608	0	a
3	5	175	175	0.966538	0.008524	0	a
3	5	183	183	0.960571	0.008484	0	a
3	5	190	190	0.997655	0.008731	0	a
3	5	61	61	0.975237	0.008582	0	a
3	5	38	38	1.00596	0.008786	0	a
3	5	39	39	1.01865	0.008871	0	a
3	5	32	32	1.01753	0.008864	0	a
3	5	27	27	1.02181	0.008892	0	a
3	5	31	31	1.01728	0.008862	0	a
3	5	35	35	1.02643	0.008923	0	a
3	5	36	36	1.04269	0.009031	0	a
3	5	42	42	1.00039	0.008749	0	a
3	5	257	257	1.05	0.00908	0	a
3	1	69	69	3.38	0.024613	0	a
3	2	69	69	1.22986	0.010279	0	a
3	1	150	150	-7.636	0.052987	0	a
3	2	150	150	-1.14916	0.009741	0	a
3	1	164	164	2	0.015413	0	a
3	2	164	164	0.429172	0.004941	0	a
3	1	163	163	-1.368	0.0112	0	a
3	2	163	163	-0.166	0.003187	0	a
3	1	192	192	2.72	0.020213	0	a
3	2	192	192	0.467176	0.005195	0	a
3	1	201	201	-0.78	0.00728	0	a
3	2	201	201	0.163953	0.003173	0	a
3	1	206	206	-2.35	0.017747	0	a
3	2	206	206	-0.77776	0.007265	0	a
3	1	209	209	3.45	0.02508	0	a
3	2	209	209	0.492507	0.005363	0	a
3	1	212	212	-1.04	0.009013	0	a
3	2	212	212	-0.631374	0.006289	0	a
3	1	211	211	-4.48	0.031947	0	a
3	2	211	211	-1.43	0.011613	0	a
3	1	215	215	6	0.04208	0	a
3	2	215	215	3.18359	0.023304	0	a
3	1	218	218	5.5	0.038747	0	a
3	2	218	218	0.683848	0.006639	0	a
3	1	220	220	5.754	0.04044	0	a
3	2	220	220	0.47307	0.005234	0	a
3	1	229	229	0.23	0.003613	0	a
3	2	229	229	0.17	0.003213	0	a
3	1	228	228	-0.29	0.004013	0	a
3	2	228	228	-0.14	0.003013	0	a
3	1	230	230	0.331	0.004287	0	a
3	2	230	230	0.294002	0.00404	0	a
3	1	219	219	0	0.00208	0	a
3	2	219	219	1.4	0.011413	0	a
3	1	231	231	-1.158	0.0098	0	a
3	2	231	231	0.24	0.00368	0	a
3	1	232	232	-0.024	0.00224	0	a
3	2	232	232	0.126	0.00292	0	a
3	1	233	233	-0.024	0.00224	0	a
3	2	233	233	0.039	0.00234	0	a
3	1	234	234	0.149	0.003073	0	a
3	2	234	234	-0.265	0.003847	0	a
3	1	235	235	-0.247	0.003727	0	a
3	2	235	235	0.012	0.00216	0	a
3	1	236	236	-1.453	0.011767	0	a
3	2	236	236	0.349	0.004407	0	a
3	1	237	237	-0.281	0.003953	0	a
3	2	237	237	0.205	0.003447	0	a
3	1	58	58	-0.56	0.005813	0	a
3	2	58	58	-0.2	0.003413	0	a
3	1	238	238	-0.14	0.003013	0	a
3	2	238	238	-0.025	0.002247	0	a
3	1	239	239	0.111	0.00282	0	a
3	2	239	239	0.014	0.002173	0	a
3	1	240	240	-0.505	0.005447	0	a
3	2	240	240	-0.174	0.00324	0	a
3	1	241	241	-0.296	0.004053	0	a
3	2	241	241	-0.006	0.00212	0	a
3	1	242	242	1.13	0.009613	0	a
3	2	242	242	-0.767	0.007193	0	a
3	1	243	243	-1.003	0.008767	0	a
3	2	243	243	-0.2917	0.004025	0	a
3	1	244	244	1	0.008747	0	a
3	2	244	244	-0.3417	0.004358	0	a
3	1	247	247	4.67	0.033213	0	a
3	2	247	247	1.4011	0.011421	0	a
3	1	248	248	6.23	0.043613	0	a
3	2	248	248	0.933779	0.008305	0	a
3	1	249	249	12.1	0.082747	0	a
3	2	249	249	4.26234	0.030496	0	a
3	1	250	250	2.34	0.01768	0	a
3	2	250	250	0.515849	0.005519	0	a
3	1	251	251	3.72	0.02688	0	a
3	2	251	251	2.00157	0.015424	0	a
3	1	252	252	3.3	0.02408	0	a
3	2	252	252	3.48867	0.025338	0	a
3	1	17	17	-5.61	0.03948	0	a
3	2	17	17	-2.2	0.016747	0	a
3	1	253	253	1.85	0.014413	0	a
3	2	253	253	0.054492	0.002443	0	a
3	1	254	254	4.1	0.029413	0	a
3	2	254	254	1.07462	0.009244	0	a
3	1	255	255	5	0.035413	0	a
3	2	255	255	1.59885	0.012739	0	a
3	1	33	33	0	0.00208	0	a
3	2	33	33	0	0.00208	0	a
3	1	256	256	0.37	0.004547	0	a
3	2	256	256	0.428734	0.004938	0	a
3	1	258	258	0.45	0.00508	0	a
3	2	258	258	0.255095	0.003781	0	a
3	1	259	259	1.65	0.01308	0	a
3	2	259	259	0.90514	0.008114	0	a
3	1	260	260	4	0.028747	0	a
3	2	260	260	1.21387	0.010172	0	a
3	1	261	261	4	0.028747	0	a
3	2	261	261	1.5021	0.012094	0	a
3	1	262	262	1.16	0.009813	0	a
3	2	262	262	0.88252	0.007963	0	a
3	1	263	263	12.92	0.088213	0	a
3	2	263	263	3.33513	0.024314	0	a
3	1	264	264	7	0.048747	0	a
3	2	264	264	3.0251	0.022247	0	a
3	1	265	265	5.53	0.038947	0	a
3	2	265	265	-1.00573	0.008785	0	a
3	1	145	145	0	0.00208	0	a
3	2	145	145	1.03	0.008947	0	a
3	1	144	144	0	0.00208	0	a
3	2	144	144	0	0.00208	0	a
3	1	141	141	-0.85	0.007747	0	a
3	2	141	141	-0.24	0.00368	0	a
3	1	275	275	-0.0161	0.002187	0	a
3	2	275	275	-0.0053	0.002115	0	a
3	1	277	277	-0.0142	0.002175	0	a
3	2	277	277	-0.0047	0.002111	0	a
3	1	278	278	-0.0047	0.002111	0	a
3	2	278	278	-0.0016	0.002091	0	a
3	1	279	279	-0.0047	0.002111	0	a
3	2	279	279	-0.0016	0.002091	0	a
3	1	276	276	0	0.00208	0	a
3	2	276	276	0	0.00208	0	a
3	1	274	274	-0.0475	0.002397	0	a
3	2	274	274	-0.0156	0.002184	0	a
3	1	267	267	-0.042	0.00236	0	a
3	2	267	267	0.018608	0.002204	0	a
3	1	280	280	-0.0194	0.002209	0	a
3	2	280	280	-0.0064	0.002123	0	a
3	1	281	281	-0.0146	0.002177	0	a
3	2	281	281	-0.0048	0.002112	0	a
3	1	282	282	-0.0199	0.002213	0	a
3	2	282	282	-0.0065	0.002123	0	a
3	1	283	283	-0.0163	0.002189	0	a
3	2	283	283	-0.0226	0.002231	0	a
3	1	284	284	-0.0175	0.002197	0	a
3	2	284	284	-0.0058	0.002119	0	a
3	1	285	285	-0.0303	0.002282	0	a
3	2	285	285	-0.01	0.002147	0	a
3	1	286	286	-0.0196	0.002211	0	a
3	2	286	286	-0.0064	0.002123	0	a
3	1	287	287	-0.0272	0.002261	0	a
3	2	287	287	-0.0089	0.002139	0	a
3	1	288	288	-0.0106	0.002151	0	a
3	2	288	288	-0.0035	0.002103	0	a
3	1	289	289	-0.0085	0.002137	0	a
3	2	289	289	-0.0028	0.002099	0	a
3	1	290	290	-0.016	0.002187	0	a
3	2	290	290	-0.0052	0.002115	0	a
3	1	269	269	-0.0086	0.002137	0	a
3	2	269	269	-0.0028	0.002099	0	a
3	1	291	291	0	0.00208	0	a
3	2	291	291	0	0.00208	0	a
3	1	292	292	-0.358	0.004467	0	a
3	2	292	292	0.129123	0.002941	0	a
3	1	293	293	-0.3	0.00408	0	a
3	2	293	293	-0.23	0.003613	0	a
3	1	295	295	0.5	0.005413	0	a
3	2	295	295	0.237495	0.003663	0	a
3	1	296	296	0.08	0.002613	0	a
3	2	296	296	0.044035	0.002374	0	a
3	1	297	297	-0.0107	0.002151	0	a
3	2	297	297	-0.0035	0.002103	0	a
3	1	298	298	-0.0107	0.002151	0	a
3	2	298	298	-0.0035	0.002103	0	a
3	1	299	299	-0.038	0.002333	0	a
3	2	299	299	-0.0125	0.002163	0	a
3	1	273	273	0	0.00208	0	a
3	2	273	273	0	0.00208	0	a
3	1	300	300	-0.0129	0.002166	0	a
3	2	300	300	-0.0041	0.002107	0	a
3	1	294	294	-0.264	0.00384	0	a
3	2	294	294	0.118569	0.00287	0	a
3	1	270	270	0	0.00208	0	a
3	2	270	270	0	0.00208	0	a
3	1	1	1	-0.9	0.00808	0	a
3	2	1	1	-0.49	0.005347	0	a
3	1	4	4	0	0.00208	0	a
3	2	4	4	0	0.00208	0	a
3	1	6	6	-1.2	0.01008	0	a
3	2	6	6	-0.41	0.004813	0	a
3	1	9	9	-0.96	0.00848	0	a
3	2	9	9	-0.43	0.004947	0	a
3	1	10	10	-1.53	0.01228	0	a
3	2	10	10	-0.125996	0.00292	0	a
3	1	13	13	-0.58	0.005947	0	a
3	2	13	13	-0.1	0.002747	0	a
3	1	14	14	-1.6	0.012747	0	a
3	2	14	14	-0.6	0.00608	0	a
3	1	21	21	-0.81	0.00748	0	a
3	2	21	21	-0.23	0.003613	0	a
3	1	23	23	0	0.00208	0	a
3	2	23	23	0	0.00208	0	a
3	1	24	24	-0.45	0.00508	0	a
3	2	24	24	-0.12	0.00288	0	a
3	1	25	25	-0.28	0.003947	0	a
3	2	25	25	-0.09	0.00268	0	a
3	1	26	26	-0.69	0.00668	0	a
3	2	26	26	-0.13	0.002947	0	a
3	1	22	22	-0.21	0.00348	0	a
3	2	22	22	-0.07	0.002547	0	a
3	1	19	19	-6.05	0.042413	0	a
3	2	19	19	-0.960895	0.008486	0	a
3	1	28	28	0	0.00208	0	a
3	2	28	28	0	0.00208	0	a
3	1	30	30	0	0.00208	0	a
3	2	30	30	0	0.00208	0	a
3	1	45	45	-0.609999	0.006147	0	a
3	2	45	45	-0.28	0.003947	0	a
3	1	46	46	-0.69	0.00668	0	a
3	2	46	46	-0.03	0.00228	0	a
3	1	50	50	-0.14	0.003013	0	a
3	2	50	50	-0.01	0.002147	0	a
3	1	51	51	-2.18	0.016613	0	a
3	2	51	51	-1.06	0.009147	0	a
3	1	52	52	0	0.00208	0	a
3	2	52	52	0	0.00208	0	a
3	1	53	53	-2.27	0.017213	0	a
3	2	53	53	-1.1	0.009413	0	a
3	1	55	55	-0.7	0.006747	0	a
3	2	55	55	-0.045136	0.002381	0	a
3	1	56	56	0	0.00208	0	a
3	2	56	56	0	0.00208	0	a
3	1	49	49	-0.98	0.008613	0	a
3	2	49	49	-0.2	0.003413	0	a
3	1	59	59	-1.16	0.009813	0	a
3	2	59	59	-0.38	0.004613	0	a
3	1	65	65	0	0.00208	0	a
3	2	65	65	0	0.00208	0	a
3	1	67	67	-0.28	0.003947	0	a
3	2	67	67	-0.07	0.002547	0	a
3	1	70	70	0	0.00208	0	a
3	2	70	70	0	0.00208	0	a
3	1	80	80	0.013	0.002167	0	a
3	2	80	80	-0.105476	0.002783	0	a
3	1	82	82	0	0.00208	0	a
3	2	82	82	0	0.00208	0	a
3	1	85	85	-0.086	0.002653	0	a
3	2	85	85	0	0.00208	0	a
3	1	88	88	0.049	0.002407	0	a
3	2	88	88	0.224619	0.003577	0	a
3	1	91	91	-0.196	0.003387	0	a
3	2	91	91	0	0.00208	0	a
3	1	92	92	-0.262	0.003827	0	a
3	2	92	92	0	0.00208	0	a
3	1	94	94	0	0.00208	0	a
3	2	94	94	0	0.00208	0	a
3	1	95	95	0	0.00208	0	a
3	2	95	95	0	0.00208	0	a
3	1	96	96	1e-06	0.00208	0	a
3	2	96	96	-3.25	0.023747	0	a
3	1	110	110	0	0.00208	0	a
3	2	110	110	0	0.00208	0	a
3	1	113	113	0	0.00208	0	a
3	2	113	113	0	0.00208	0	a
3	1	114	114	-1.692	0.01336	0	a
3	2	114	114	-0.416	0.004853	0	a
3	1	117	117	-10.187	0.069993	0	a
3	2	117	117	1.07043	0.009216	0	a
3	1	118	118	-5.95	0.041747	0	a
3	2	118	118	-0.833	0.007633	0	a
3	1	123	123	0	0.00208	0	a
3	2	123	123	0	0.00208	0	a
3	1	126	126	2.17	0.016547	0	a
3	2	126	126	-0.49082	0.005352	0	a
3	1	128	128	1.03	0.008947	0	a
3	2	128	128	0.556476	0.00579	0	a
3	1	129	129	0	0.00208	0	a
3	2	129	129	0	0.00208	0	a
3	1	130	130	0	0.00208	0	a
3	2	130	130	0	0.00208	0	a
3	1	131	131	3.55	0.025747	0	a
3	2	131	131	-0.537793	0.005665	0	a
3	1	133	133	-0.7	0.006747	0	a
3	2	133	133	-0.395	0.004713	0	a
3	1	135	135	-0.75	0.00708	0	a
3	2	135	135	-0.806477	0.007457	0	a
3	1	139	139	0	0.00208	0	a
3	2	139	139	0	0.00208	0	a
3	1	140	140	-0.35	0.004413	0	a
3	2	140	140	-0.15	0.00308	0	a
3	1	142	142	0	0.00208	0	a
3	2	142	142	-0.004	0.002107	0	a
3	1	143	143	0	0.00208	0	a
3	2	143	143	2.12	0.016213	0	a
3	1	146	146	-2.999	0.022073	0	a
3	2	146	146	-0.957	0.00846	0	a
3	1	149	149	-2.768	0.020533	0	a
3	2	149	149	-1.04134	0.009022	0	a
3	1	111	111	0	0.00208	0	a
3	2	111	111	0	0.00208	0	a
3	1	156	156	0.56	0.005813	0	a
3	2	156	156	0.467843	0.005199	0	a
3	1	159	159	-0.695	0.006713	0	a
3	2	159	159	-0.493	0.005367	0	a
3	1	161	161	-2.407	0.018127	0	a
3	2	161	161	-0.89	0.008013	0	a
3	1	162	162	-0.4	0.004747	0	a
3	2	162	162	-0.04	0.002347	0	a
3	1	132	132	2.16	0.01648	0	a
3	2	132	132	-0.1781	0.003267	0	a
3	1	134	134	-2	0.015413	0	a
3	2	134	134	-0.5	0.005413	0	a
3	1	115	115	-0.552	0.00576	0	a
3	2	115	115	-0.182	0.003293	0	a
3	1	165	165	11.402	0.078093	0	a
3	2	165	165	2.43314	0.018301	0	a
3	1	166	166	11.402	0.078093	0	a
3	2	166	166	2.86857	0.021204	0	a
3	1	160	160	-0.734	0.006973	0	a
3	2	160	160	0	0.00208	0	a
3	1	167	167	-1.826	0.014253	0	a
3	2	167	167	-0.436	0.004987	0	a
3	1	169	169	4.75	0.033747	0	a
3	2	169	169	2.51151	0.018823	0	a
3	1	170	170	14.84	0.101013	0	a
3	2	170	170	6.40998	0.044813	0	a
3	1	171	171	-8	0.055413	0	a
3	2	171	171	-0.72	0.00688	0	a
3	1	204	204	-4.1	0.029413	0	a
3	2	204	204	-0.4	0.004747	0	a
3	1	173	173	0	0.00208	0	a
3	2	173	173	0	0.00208	0	a
3	1	178	178	-0.35	0.004413	0	a
3	2	178	178	-0.12	0.00288	0	a
3	1	179	179	-0.27	0.00388	0	a
3	2	179	179	-0.12	0.00288	0	a
3	1	180	180	-0.41	0.004813	0	a
3	2	180	180	-0.14	0.003013	0	a
3	1	181	181	-0.38	0.004613	0	a
3	2	181	181	-0.13	0.002947	0	a
3	1	182	182	-0.42	0.00488	0	a
3	2	182	182	-0.14	0.003013	0	a
3	1	186	186	0.21	0.00348	0	a
3	2	186	186	0.142	0.003027	0	a
3	1	188	188	-0.38	0.004613	0	a
3	2	188	188	-0.13	0.002947	0	a
3	1	193	193	-0.22	0.003547	0	a
3	2	193	193	-0.16	0.003147	0	a
3	1	195	195	-1.76	0.013813	0	a
3	2	195	195	-1.05	0.00908	0	a
3	1	200	200	2.79	0.02068	0	a
3	2	200	200	0.796039	0.007387	0	a
3	1	202	202	-4.28	0.030613	0	a
3	2	202	202	-2.32	0.017547	0	a
3	1	203	203	-1.73	0.013613	0	a
3	2	203	203	-0.99	0.00868	0	a
3	1	205	205	0	0.00208	0	a
3	2	205	205	0	0.00208	0	a
3	1	208	208	-0.96	0.00848	0	a
3	2	208	208	-0.46	0.005147	0	a
3	1	207	207	-2.23	0.016947	0	a
3	2	207	207	-1.48	0.011947	0	a
3	1	214	214	-2.69	0.020013	0	a
3	2	214	214	-1.57	0.012547	0	a
3	1	217	217	-0.05	0.002413	0	a
3	2	217	217	-1.24385	0.010372	0	a
3	1	222	222	0.76	0.007147	0	a
3	2	222	222	0.658795	0.006472	0	a
3	1	223	223	0	0.00208	0	a
3	2	223	223	0	0.00208	0	a
3	1	225	225	-0.77	0.007213	0	a
3	2	225	225	-0.33	0.00428	0	a
3	1	224	224	-0.61	0.006147	0	a
3	2	224	224	-0.3	0.00408	0	a
3	1	221	221	1.7	0.013413	0	a
3	2	221	221	1.12556	0.009584	0	a
3	1	226	226	-0.61	0.006147	0	a
3	2	226	226	-0.3	0.00408	0	a
3	1	227	227	-0.29	0.004013	0	a
3	2	227	227	-0.596	0.006053	0	a
3	1	245	245	0	0.00208	0	a
3	2	245	245	0	0.00208	0	a
3	1	246	246	0	0.00208	0	a
3	2	246	246	0	0.00208	0	a
3	1	266	266	0	0.00208	0	a
3	2	266	266	0	0.00208	0	a
3	1	268	268	-0.0285	0.00227	0	a
3	2	268	268	-0.0334	0.002303	0	a
3	1	272	272	0	0.00208	0	a
3	2	272	272	0	0.00208	0	a
3	1	271	271	0	0.00208	0	a
3	2	271	271	0	0.00208	0	a
3	1	2	2	-0.56	0.005813	0	a
3	2	2	2	-0.15	0.00308	0	a
3	1	5	5	-3.53	0.025613	0	a
3	2	5	5	-1.3	0.010747	0	a
3	1	8	8	-0.63	0.00628	0	a
3	2	8	8	-0.018145	0.002201	0	a
3	1	12	12	0	0.00208	0	a
3	2	12	12	0	0.00208	0	a
3	1	20	20	-0.77	0.007213	0	a
3	2	20	20	-0.01	0.002147	0	a
3	1	11	11	-0.83	0.007613	0	a
3	2	11	11	-0.21	0.00348	0	a
3	1	16	16	0	0.00208	0	a
3	2	16	16	0	0.00208	0	a
3	1	18	18	0	0.00208	0	a
3	2	18	18	0	0.00208	0	a
3	1	72	72	0	0.00208	0	a
3	2	72	72	0	0.00208	0	a
3	1	7	7	0	0.00208	0	a
3	2	7	7	0	0.00208	0	a
3	1	3	3	-0.2	0.003413	0	a
3	2	3	3	0	0.00208	0	a
3	1	34	34	-0.46	0.005147	0	a
3	2	34	34	0.21	0.00348	0	a
3	1	40	40	0	0.00208	0	a
3	2	40	40	0	0.00208	0	a
3	1	41	41	-0.58	0.005947	0	a
3	2	41	41	-0.118	0.002867	0	a
3	1	43	43	-0.920004	0.008213	0	a
3	2	43	43	-0.259994	0.003813	0	a
3	1	44	44	0.049999	0.002413	0	a
3	2	44	44	-0.049998	0.002413	0	a
3	1	47	47	-0.1	0.002747	0	a
3	2	47	47	-0.01	0.002147	0	a
3	1	48	48	-0.22	0.003547	0	a
3	2	48	48	-0.1	0.002747	0	a
3	1	37	37	-0.39	0.00468	0	a
3	2	37	37	-0.09	0.00268	0	a
3	1	54	54	0	0.00208	0	a
3	2	54	54	0	0.00208	0	a
3	1	57	57	0	0.00208	0	a
3	2	57	57	0	0.00208	0	a
3	1	60	60	-0.57	0.00588	0	a
3	2	60	60	-0.19	0.003347	0	a
3	1	62	62	0	0.00208	0	a
3	2	62	62	0	0.00208	0	a
3	1	63	63	-2.08	0.015947	0	a
3	2	63	63	-0.612098	0.006161	0	a
3	1	29	29	0	0.00208	0	a
3	2	29	29	0	0.00208	0	a
3	1	64	64	-0.74	0.007013	0	a
3	2	64	64	-0.28	0.003947	0	a
3	1	66	66	-0.48	0.00528	0	a
3	2	66	66	-0.14	0.003013	0	a
3	1	71	71	0	0.00208	0	a
3	2	71	71	0	0.00208	0	a
3	1	73	73	0	0.00208	0	a
3	2	73	73	0	0.00208	0	a
3	1	74	74	-0.442	0.005027	0	a
3	2	74	74	0	0.00208	0	a
3	1	76	76	1.376	0.011253	0	a
3	2	76	76	0.45022	0.005081	0	a
3	1	75	75	-0.66	0.00648	0	a
3	2	75	75	0	0.00208	0	a
3	1	77	77	2.742	0.02036	0	a
3	2	77	77	0.32575	0.004252	0	a
3	1	84	84	-0.32	0.004213	0	a
3	2	84	84	0	0.00208	0	a
3	1	15	15	-1.267	0.010527	0	a
3	2	15	15	-0.23	0.003613	0	a
3	1	78	78	-0.603	0.0061	0	a
3	2	78	78	0	0.00208	0	a
3	1	79	79	-0.399	0.00474	0	a
3	2	79	79	0	0.00208	0	a
3	1	83	83	-0.778	0.007267	0	a
3	2	83	83	0	0.00208	0	a
3	1	86	86	-0.496	0.005387	0	a
3	2	86	86	0	0.00208	0	a
3	1	87	87	-0.046	0.002387	0	a
3	2	87	87	0	0.00208	0	a
3	1	81	81	-0.835	0.007647	0	a
3	2	81	81	0	0.00208	0	a
3	1	90	90	-0.63	0.00628	0	a
3	2	90	90	0	0.00208	0	a
3	1	93	93	-0.182	0.003293	0	a
3	2	93	93	0	0.00208	0	a
3	1	89	89	-0.307	0.004127	0	a
3	2	89	89	0	0.00208	0	a
3	1	98	98	19.3	0.130747	0	a
3	2	98	98	17.9689	0.121873	0	a
3	1	99	99	-7.77	0.05388	0	a
3	2	99	99	-2.7	0.02008	0	a
3	1	100	100	-5.35	0.037747	0	a
3	2	100	100	-0.55	0.005747	0	a
3	1	97	97	-0.141001	0.00302	0	a
3	2	97	97	-6.5	0.045413	0	a
3	1	102	102	-0.78	0.00728	0	a
3	2	102	102	-0.014	0.002173	0	a
3	1	104	104	-5.148	0.0364	0	a
3	2	104	104	2.54766	0.019064	0	a
3	1	103	103	-0.364	0.004507	0	a
3	2	103	103	1.80286	0.014099	0	a
3	1	137	137	0	0.00208	0	a
3	2	137	137	0	0.00208	0	a
3	1	101	101	-2.291	0.017353	0	a
3	2	101	101	-0.118	0.002867	0	a
3	1	136	136	-1.235	0.010313	0	a
3	2	136	136	0.243	0.0037	0	a
3	1	138	138	-0.33	0.00428	0	a
3	2	138	138	-0.165	0.00318	0	a
3	1	107	107	0	0.00208	0	a
3	2	107	107	0	0.00208	0	a
3	1	108	108	0	0.00208	0	a
3	2	108	108	0	0.00208	0	a
3	1	105	105	-0.579	0.00594	0	a
3	2	105	105	-0.051	0.00242	0	a
3	1	148	148	0	0.00208	0	a
3	2	148	148	0	0.00208	0	a
3	1	116	116	-2.736	0.02032	0	a
3	2	116	116	-0.998	0.008733	0	a
3	1	106	106	-3.808	0.027467	0	a
3	2	106	106	-0.37	0.004547	0	a
3	1	112	112	0	0.00208	0	a
3	2	112	112	0	0.00208	0	a
3	1	147	147	0	0.00208	0	a
3	2	147	147	0	0.00208	0	a
3	1	109	109	0	0.00208	0	a
3	2	109	109	0	0.00208	0	a
3	1	120	120	1.36	0.011147	0	a
3	2	120	120	0.628185	0.006268	0	a
3	1	125	125	0.84	0.00768	0	a
3	2	125	125	0.493781	0.005372	0	a
3	1	153	153	0	0.00208	0	a
3	2	153	153	0	0.00208	0	a
3	1	151	151	-0.265	0.003847	0	a
3	2	151	151	0	0.00208	0	a
3	1	119	119	-3.877	0.027927	0	a
3	2	119	119	-1.147	0.009727	0	a
3	1	127	127	-0.63	0.00628	0	a
3	2	127	127	-0.25	0.003747	0	a
3	1	158	158	-0.74	0.007013	0	a
3	2	158	158	-0.74	0.007013	0	a
3	1	155	155	2.23	0.016947	0	a
3	2	155	155	0.816786	0.007525	0	a
3	1	154	154	-1.76	0.013813	0	a
3	2	154	154	-0.83	0.007613	0	a
3	1	157	157	-4.274	0.030573	0	a
3	2	157	157	-1.736	0.013653	0	a
3	1	152	152	-1.635	0.01298	0	a
3	2	152	152	-0.96	0.00848	0	a
3	1	121	121	-0.565	0.005847	0	a
3	2	121	121	-0.245	0.003713	0	a
3	1	124	124	-0.24	0.00368	0	a
3	2	124	124	-0.14	0.003013	0	a
3	1	122	122	6.065	0.042513	0	a
3	2	122	122	1.70236	0.013429	0	a
3	1	168	168	-0.07	0.002547	0	a
3	2	168	168	-0.02	0.002213	0	a
3	1	172	172	0	0.00208	0	a
3	2	172	172	0	0.00208	0	a
3	1	174	174	0	0.00208	0	a
3	2	174	174	0	0.00208	0	a
3	1	191	191	0	0.00208	0	a
3	2	191	191	0	0.00208	0	a
3	1	68	68	0	0.00208	0	a
3	2	68	68	0	0.00208	0	a
3	1	176	176	-0.43	0.004947	0	a
3	2	176	176	-0.14	0.003013	0	a
3	1	185	185	-0.12	0.00288	0	a
3	2	185	185	-0.02	0.002213	0	a
3	1	189	189	0	0.00208	0	a
3	2	189	189	0	0.00208	0	a
3	1	197	197	-1.31	0.010813	0	a
3	2	197	197	-0.96	0.00848	0	a
3	1	198	198	0	0.00208	0	a
3	2	198	198	0	0.00208	0	a
3	1	196	196	-1	0.008747	0	a
3	2	196	196	-0.75	0.00708	0	a
3	1	210	210	-1.59	0.01268	0	a
3	2	210	210	1.93	0.014947	0	a
3	1	213	213	-5.72	0.040213	0	a
3	2	213	213	-2.44	0.018347	0	a
3	1	199	199	-1.85	0.014413	0	a
3	2	199	199	-0.19826	0.003402	0	a
3	1	216	216	0	0.00208	0	a
3	2	216	216	0	0.00208	0	a
3	1	194	194	-0.47	0.005213	0	a
3	2	194	194	-0.26	0.003813	0	a
3	1	177	177	3.6	0.02608	0	a
3	2	177	177	1.11315	0.009501	0	a
3	1	187	187	-0.07	0.002547	0	a
3	2	187	187	-0.02	0.002213	0	a
3	1	184	184	0	0.00208	0	a
3	2	184	184	0.05	0.002413	0	a
3	1	175	175	-0.1	0.002747	0	a
3	2	175	175	-0.03	0.00228	0	a
3	1	183	183	-0.72	0.00688	0	a
3	2	183	183	-0.24	0.00368	0	a
3	1	190	190	-0.96	0.00848	0	a
3	2	190	190	-0.07	0.002547	0	a
3	1	61	61	-2.24	0.017013	0	a
3	2	61	61	-0.71	0.006813	0	a
3	1	38	38	-1.95	0.01508	0	a
3	2	38	38	-0.29	0.004013	0	a
3	1	39	39	0	0.00208	0	a
3	2	39	39	0	0.00208	0	a
3	1	32	32	-1.55	0.012413	0	a
3	2	32	32	-0.18	0.00328	0	a
3	1	27	27	-0.55	0.005747	0	a
3	2	27	27	-0.06	0.00248	0	a
3	1	31	31	-0.85	0.007747	0	a
3	2	31	31	-0.319996	0.004213	0	a
3	1	35	35	-0.859999	0.007813	0	a
3	2	35	35	2e-06	0.00208	0	a
3	1	36	36	1e-06	0.00208	0	a
3	2	36	36	1e-06	0.00208	0	a
3	1	42	42	-0.41	0.004813	0	a
3	2	42	42	-0.19	0.003347	0	a
2	1	266	270	0.361103	0.004487	0	a
2	2	266	270	-0.096522	0.002723	0	a
2	1	271	272	0.069402	0.002543	0	a
2	2	271	272	0.041922	0.002359	0	a
2	1	271	268	0.194918	0.003379	0	a
2	2	271	268	0.094712	0.002711	0	a
2	1	273	267	0.130463	0.00295	0	a
2	2	273	267	0.012923	0.002166	0	a
2	1	267	274	0.073492	0.00257	0	a
2	2	267	274	0.024625	0.002244	0	a
2	1	274	276	0.009433	0.002143	0	a
2	2	274	276	0.003297	0.002102	0	a
2	1	272	268	0.047508	0.002397	0	a
2	2	272	268	0.033195	0.002301	0	a
2	1	268	291	0.044075	0.002374	0	a
2	2	268	291	0.014524	0.002177	0	a
2	1	291	269	0.043896	0.002373	0	a
2	2	291	269	0.01437	0.002176	0	a
2	1	273	299	0.038394	0.002336	0	a
2	2	273	299	0.014157	0.002174	0	a
2	1	1	5	4.02018	0.028881	0	a
2	2	1	5	0.968646	0.008538	0	a
2	1	2	6	1.5932	0.012701	0	a
2	2	2	6	0.317468	0.004196	0	a
2	1	2	8	3.63776	0.026332	0	a
2	2	2	8	0.083508	0.002637	0	a
2	1	3	7	2.63705	0.01966	0	a
2	2	3	7	1.24459	0.010377	0	a
2	1	3	18	1.38726	0.011328	0	a
2	2	3	18	0.048073	0.0024	0	a
2	1	3	129	1.00343	0.00877	0	a
2	2	3	129	1.37491	0.011246	0	a
2	1	4	16	7.02512	0.048914	0	a
2	2	4	16	-0.915238	0.008182	0	a
2	1	5	9	1.18898	0.010007	0	a
2	2	5	9	0.308517	0.004137	0	a
2	1	7	12	1.79429	0.014042	0	a
2	2	7	12	-0.684072	0.00664	0	a
2	1	7	110	0.518507	0.005537	0	a
2	2	7	110	1.00546	0.008783	0	a
2	1	8	11	0.022019	0.002227	0	a
2	2	8	11	0.14542	0.003049	0	a
2	1	8	14	2.9115	0.02149	0	a
2	2	8	14	-0.35743	0.004463	0	a
2	1	9	11	0.220214	0.003548	0	a
2	2	9	11	-0.145463	0.00305	0	a
2	1	11	13	1.53474	0.012312	0	a
2	2	11	13	-0.099748	0.002745	0	a
2	1	12	20	4.19734	0.030062	0	a
2	2	12	20	0.959719	0.008478	0	a
2	1	13	19	0.936027	0.00832	0	a
2	2	13	19	-0.261235	0.003822	0	a
2	1	14	15	1.20328	0.010102	0	a
2	2	14	15	-1.22497	0.010246	0	a
2	1	15	31	0.181753	0.003292	0	a
2	2	15	31	-0.041583	0.002357	0	a
2	1	15	74	0.167476	0.003197	0	a
2	2	15	74	-0.0707	0.002551	0	a
2	1	15	75	0.126585	0.002924	0	a
2	2	15	75	-0.034155	0.002308	0	a
2	1	16	36	3.92593	0.028253	0	a
2	2	16	36	-1.4539	0.011773	0	a
2	1	18	20	-0.451201	0.005088	0	a
2	2	18	20	0.400199	0.004748	0	a
2	1	18	72	1.82283	0.014232	0	a
2	2	18	72	-0.350968	0.00442	0	a
2	1	19	21	-0.150336	0.003082	0	a
2	2	19	21	0.213637	0.003504	0	a
2	1	19	26	0.243506	0.003703	0	a
2	2	19	26	0.006393	0.002123	0	a
2	1	20	23	-2.27501	0.017247	0	a
2	2	20	23	-0.657414	0.006463	0	a
2	1	21	22	-0.961478	0.00849	0	a
2	2	21	22	-0.003761	0.002105	0	a
2	1	22	24	1.26434	0.010509	0	a
2	2	22	24	0.119206	0.002875	0	a
2	1	23	231	1.16776	0.009865	0	a
2	2	23	231	-0.281937	0.00396	0	a
2	1	24	25	0.78648	0.007323	0	a
2	2	24	25	-0.038644	0.002338	0	a
2	1	25	26	0.460417	0.005149	0	a
2	2	25	26	0.001936	0.002093	0	a
2	1	25	232	0.024766	0.002245	0	a
2	2	25	232	-0.13786	0.002999	0	a
2	1	27	28	-1.17814	0.009934	0	a
2	2	27	28	-0.240368	0.003682	0	a
2	1	27	32	0.840299	0.007682	0	a
2	2	27	32	0.186557	0.003324	0	a
2	1	27	34	0.471731	0.005225	0	a
2	2	27	34	-0.003757	0.002105	0	a
2	1	27	35	-0.683894	0.006639	0	a
2	2	27	35	-0.002433	0.002096	0	a
2	1	28	36	-1.17814	0.009934	0	a
2	2	28	36	-0.327605	0.004264	0	a
2	1	29	60	0.486779	0.005325	0	a
2	2	29	60	0.005855	0.002119	0	a
2	1	29	63	1.13057	0.009617	0	a
2	2	29	63	0.33233	0.004296	0	a
2	1	29	64	-0.476807	0.005259	0	a
2	2	29	64	-0.105717	0.002785	0	a
2	1	30	73	-1.14054	0.009684	0	a
2	2	30	73	-0.299504	0.004077	0	a
2	1	31	32	0.52428	0.005575	0	a
2	2	31	32	-0.092013	0.002693	0	a
2	1	31	34	0.40457	0.004777	0	a
2	2	31	34	-0.162455	0.003163	0	a
2	1	31	35	-0.412404	0.004829	0	a
2	2	31	35	-0.151869	0.003092	0	a
2	1	31	43	-1.97181	0.015225	0	a
2	2	31	43	0.177591	0.003264	0	a
2	1	31	74	-0.01027	0.002148	0	a
2	2	31	74	-0.067053	0.002527	0	a
2	1	31	75	-0.002335	0.002096	0	a
2	2	31	75	-0.07401	0.002573	0	a
2	1	32	35	-1.05351	0.009103	0	a
2	2	32	35	-0.007778	0.002132	0	a
2	1	32	37	0.864123	0.007841	0	a
2	2	32	37	-0.07726	0.002595	0	a
2	1	33	36	5	0.035413	0	a
2	2	33	36	0.863579	0.007837	0	a
2	1	34	42	0.411007	0.00482	0	a
2	2	34	42	0.054003	0.00244	0	a
2	1	35	36	-1.85399	0.01444	0	a
2	2	35	36	-0.528838	0.005606	0	a
2	1	35	43	-0.724159	0.006908	0	a
2	2	35	43	0.183974	0.003306	0	a
2	1	35	44	-0.445205	0.005048	0	a
2	2	35	44	0.186286	0.003322	0	a
2	1	36	40	5.84806	0.041067	0	a
2	2	36	40	-0.179707	0.003278	0	a
2	1	37	38	0.125801	0.002919	0	a
2	2	37	38	-0.171258	0.003222	0	a
2	1	37	42	-0.041672	0.002358	0	a
2	2	37	42	-0.009456	0.002143	0	a
2	1	37	46	0.366817	0.004525	0	a
2	2	37	46	-0.00893	0.00214	0	a
2	1	38	41	1.19163	0.010024	0	a
2	2	38	41	0.024315	0.002242	0	a
2	1	38	47	-0.226196	0.003588	0	a
2	2	38	47	0.098814	0.002739	0	a
2	1	39	52	-2.19608	0.016721	0	a
2	2	39	52	0.21237	0.003496	0	a
2	1	39	62	2.42964	0.018278	0	a
2	2	39	62	0.024256	0.002242	0	a
2	1	40	68	3.13081	0.022952	0	a
2	2	40	68	-0.429387	0.004943	0	a
2	1	41	61	0.269799	0.003879	0	a
2	2	41	61	-0.124295	0.002909	0	a
2	1	41	92	0.303889	0.004106	0	a
2	2	41	92	-0.049139	0.002408	0	a
2	1	42	87	-0.045172	0.002381	0	a
2	2	42	87	-0.117233	0.002862	0	a
2	1	43	44	1.09042	0.009349	0	a
2	2	43	44	-0.068674	0.002538	0	a
2	1	44	45	0.654429	0.006443	0	a
2	2	44	45	0.02893	0.002273	0	a
2	1	45	48	0.029185	0.002275	0	a
2	2	45	48	-0.246039	0.00372	0	a
2	1	46	47	-0.324939	0.004246	0	a
2	2	46	47	-0.028335	0.002269	0	a
2	1	47	48	-0.655611	0.006451	0	a
2	2	47	48	0.119452	0.002876	0	a
2	1	48	49	-0.413543	0.004837	0	a
2	2	48	49	0.015281	0.002182	0	a
2	1	49	50	-0.088216	0.002668	0	a
2	2	49	50	0.579441	0.005943	0	a
2	1	49	55	0.333642	0.004304	0	a
2	2	49	55	0.034203	0.002308	0	a
2	1	50	51	-0.244002	0.003707	0	a
2	2	50	51	0.578876	0.005939	0	a
2	1	51	53	-2.42764	0.018264	0	a
2	2	51	53	-0.486798	0.005325	0	a
2	1	52	54	-2.22956	0.016944	0	a
2	2	52	54	0.341319	0.004355	0	a
2	1	54	56	1.96843	0.015203	0	a
2	2	54	56	0.445733	0.005052	0	a
2	1	54	123	-0.954249	0.008442	0	a
2	2	54	123	0.122328	0.002896	0	a
2	1	55	236	1.51985	0.012212	0	a
2	2	55	236	0.061443	0.00249	0	a
2	1	57	190	-0.272452	0.003896	0	a
2	2	57	190	-0.104858	0.002779	0	a
2	1	57	66	-0.177308	0.003262	0	a
2	2	57	66	-0.08057	0.002617	0	a
2	1	58	59	-0.843684	0.007705	0	a
2	2	58	59	0.014278	0.002175	0	a
2	1	58	237	0.283684	0.003971	0	a
2	2	58	237	-0.214278	0.003509	0	a
2	1	59	60	-0.262295	0.003829	0	a
2	2	59	60	0.118123	0.002867	0	a
2	1	59	61	-0.606689	0.006125	0	a
2	2	59	61	0.240225	0.003681	0	a
2	1	60	64	-0.492515	0.005363	0	a
2	2	60	64	-0.050785	0.002419	0	a
2	1	60	238	0.140563	0.003017	0	a
2	2	60	238	0.029241	0.002275	0	a
2	1	61	63	0.275794	0.003919	0	a
2	2	61	63	0.09517	0.002714	0	a
2	1	61	66	-0.228441	0.003603	0	a
2	2	61	66	-0.02236	0.002229	0	a
2	1	62	73	-0.778938	0.007273	0	a
2	2	62	73	-0.531054	0.00562	0	a
2	1	62	240	0.512697	0.005498	0	a
2	2	62	240	-0.138163	0.003001	0	a
2	1	63	64	-0.684353	0.006642	0	a
2	2	63	64	-0.180295	0.003282	0	a
2	1	64	65	-2.57701	0.01926	0	a
2	2	64	65	-0.575323	0.005915	0	a
2	1	64	67	-0.026151	0.002254	0	a
2	2	64	67	-0.044155	0.002374	0	a
2	1	64	239	-0.10983	0.002812	0	a
2	2	64	239	-0.038984	0.00234	0	a
2	1	64	241	0.303479	0.004103	0	a
2	2	64	241	0.00564	0.002118	0	a
2	1	65	66	0.795779	0.007385	0	a
2	2	65	66	0.174757	0.003245	0	a
2	1	65	69	-3.38	0.024613	0	a
2	2	65	69	-0.786567	0.007324	0	a
2	1	66	190	-0.09706	0.002727	0	a
2	2	66	190	-0.042714	0.002365	0	a
2	1	67	190	-0.306171	0.004121	0	a
2	2	67	190	-0.077472	0.002596	0	a
2	1	68	173	0.124728	0.002912	0	a
2	2	68	173	-0.6138	0.006172	0	a
2	1	68	174	1.03142	0.008956	0	a
2	2	68	174	-0.356607	0.004457	0	a
2	1	70	71	-0.925154	0.008248	0	a
2	2	70	71	0.024736	0.002245	0	a
2	1	71	72	-1.15553	0.009784	0	a
2	2	71	72	0.114335	0.002842	0	a
2	1	71	234	-0.148558	0.00307	0	a
2	2	71	234	0.179129	0.003274	0	a
2	1	74	76	-0.287902	0.003999	0	a
2	2	74	76	-0.073645	0.002571	0	a
2	1	75	77	-0.537393	0.005663	0	a
2	2	75	77	-0.0466	0.002391	0	a
2	1	76	78	0.088424	0.002669	0	a
2	2	76	78	0.194206	0.003375	0	a
2	1	76	79	0.995814	0.008719	0	a
2	2	76	79	0.18778	0.003332	0	a
2	1	77	84	0.786561	0.007324	0	a
2	2	77	84	0.097922	0.002733	0	a
2	1	77	86	1.40923	0.011475	0	a
2	2	77	86	0.159167	0.003141	0	a
2	1	78	79	0.085275	0.002649	0	a
2	2	78	79	-0.130571	0.00295	0	a
2	1	79	82	0.437404	0.004996	0	a
2	2	79	82	0.054088	0.002441	0	a
2	1	79	83	0.404366	0.004776	0	a
2	2	79	83	0.027554	0.002264	0	a
2	1	79	84	-0.185691	0.003318	0	a
2	2	79	84	-0.019538	0.00221	0	a
2	1	80	82	-0.070025	0.002547	0	a
2	2	80	82	-0.069882	0.002546	0	a
2	1	80	83	0.083025	0.002634	0	a
2	2	80	83	-0.035594	0.002317	0	a
2	1	81	87	-0.528082	0.005601	0	a
2	2	81	87	0.079147	0.002608	0	a
2	1	81	88	-0.103984	0.002773	0	a
2	2	81	88	-0.125417	0.002916	0	a
2	1	81	89	0.284851	0.003979	0	a
2	2	81	89	0.000498	0.002083	0	a
2	1	81	90	0.43737	0.004996	0	a
2	2	81	90	-0.021162	0.002221	0	a
2	1	82	83	0.363024	0.0045	0	a
2	2	82	83	-0.01213	0.002161	0	a
2	1	83	85	0.435875	0.004986	0	a
2	2	83	85	-0.218396	0.003536	0	a
2	1	84	86	0.268448	0.00387	0	a
2	2	84	86	0.026419	0.002256	0	a
2	1	85	88	0.315793	0.004185	0	a
2	2	85	88	-0.15272	0.003098	0	a
2	1	85	233	0.02412	0.002241	0	a
2	2	85	233	-0.053602	0.002437	0	a
2	1	86	87	0.639932	0.006346	0	a
2	2	86	87	0.078277	0.002602	0	a
2	1	86	90	0.509503	0.005477	0	a
2	2	86	90	-0.043029	0.002367	0	a
2	1	88	235	0.251796	0.003759	0	a
2	2	88	235	-0.023618	0.002237	0	a
2	1	89	90	-0.104911	0.002779	0	a
2	2	89	90	0.03987	0.002346	0	a
2	1	89	92	-0.037356	0.002329	0	a
2	2	89	92	0.020092	0.002214	0	a
2	1	89	93	0.116365	0.002856	0	a
2	2	89	93	-0.046599	0.002391	0	a
2	1	90	91	0.162105	0.003161	0	a
2	2	90	91	-0.072757	0.002565	0	a
2	1	91	93	-0.038207	0.002335	0	a
2	2	91	93	-0.037794	0.002332	0	a
2	1	94	101	0.69482	0.006712	0	a
2	2	94	101	-0.353286	0.004435	0	a
2	1	95	99	-0.759011	0.00714	0	a
2	2	95	99	1.0854	0.009316	0	a
2	1	96	97	-4.57329	0.032569	0	a
2	2	96	97	-0.839021	0.007673	0	a
2	1	97	98	-5.39359	0.038037	0	a
2	2	97	98	-6.69029	0.046682	0	a
2	1	97	245	0.255652	0.003784	0	a
2	2	97	245	-0.348816	0.004405	0	a
2	1	245	99	0.255652	0.003784	0	a
2	2	245	99	-0.528761	0.005605	0	a
2	1	97	100	0.420245	0.004882	0	a
2	2	97	100	-0.350173	0.004414	0	a
2	1	98	99	7.27675	0.050592	0	a
2	2	98	99	5.01468	0.035511	0	a
2	1	98	100	5.6256	0.039584	0	a
2	2	98	100	2.82344	0.020903	0	a
2	1	101	102	0.124446	0.00291	0	a
2	2	101	102	-0.344695	0.004378	0	a
2	1	101	104	0.129878	0.002946	0	a
2	2	101	104	-0.295338	0.004049	0	a
2	1	102	103	-0.734555	0.006977	0	a
2	2	102	103	-0.113947	0.00284	0	a
2	1	102	104	0.066705	0.002525	0	a
2	2	102	104	-0.254273	0.003775	0	a
2	1	104	105	-4.96388	0.035173	0	a
2	2	104	105	2.15067	0.016418	0	a
2	1	105	106	-1.02136	0.008889	0	a
2	2	105	106	-0.288538	0.004004	0	a
2	1	105	108	-1.31661	0.010857	0	a
2	2	105	108	-0.038725	0.002338	0	a
2	1	105	111	-1.58939	0.012676	0	a
2	2	105	111	0.117622	0.002864	0	a
2	1	105	136	-0.285288	0.003982	0	a
2	2	105	136	1.18262	0.009964	0	a
2	1	105	137	-0.452831	0.005099	0	a
2	2	105	137	0.517047	0.005527	0	a
2	1	105	148	-0.894631	0.008044	0	a
2	2	105	148	0.044479	0.002377	0	a
2	1	106	107	-1.73098	0.01362	0	a
2	2	106	107	0.090613	0.002684	0	a
2	1	106	113	-1.38081	0.011285	0	a
2	2	106	113	-0.641993	0.00636	0	a
2	1	106	147	-1.7242	0.013575	0	a
2	2	106	147	0.088838	0.002672	0	a
2	1	107	109	-2.37918	0.017941	0	a
2	2	107	109	0.149995	0.00308	0	a
2	1	107	112	0.630044	0.00628	0	a
2	2	107	112	-0.143059	0.003034	0	a
2	1	108	109	-2.3567	0.017791	0	a
2	2	108	109	0.128005	0.002933	0	a
2	1	108	112	1.01914	0.008874	0	a
2	2	108	112	-0.18822	0.003335	0	a
2	1	109	111	2.81147	0.020823	0	a
2	2	109	111	0.72518	0.006915	0	a
2	1	109	130	1.62335	0.012902	0	a
2	2	109	130	0.681475	0.006623	0	a
2	1	109	146	2.78435	0.020642	0	a
2	2	109	146	0.608589	0.006137	0	a
2	1	109	147	2.39521	0.018048	0	a
2	2	109	147	0.166254	0.003188	0	a
2	1	112	116	-6.58604	0.045987	0	a
2	2	112	116	-2.92908	0.021607	0	a
2	1	112	147	-0.608311	0.006135	0	a
2	2	112	147	0.11705	0.00286	0	a
2	1	112	148	1.19182	0.010026	0	a
2	2	112	148	0.738797	0.007005	0	a
2	1	112	150	7.64837	0.053069	0	a
2	2	112	150	1.7737	0.013905	0	a
2	1	113	114	-0.771715	0.007225	0	a
2	2	113	114	0.088945	0.002673	0	a
2	1	113	163	-0.620089	0.006214	0	a
2	2	113	163	-0.596981	0.00606	0	a
2	1	114	115	-2.46633	0.018522	0	a
2	2	114	115	-0.15935	0.003142	0	a
2	1	115	116	0.640383	0.006349	0	a
2	2	115	116	-0.362559	0.004497	0	a
2	1	115	131	-3.71252	0.02683	0	a
2	2	115	131	0.061267	0.002488	0	a
2	1	116	119	3.37433	0.024576	0	a
2	2	116	119	-0.036213	0.002321	0	a
2	1	116	160	-0.920875	0.008219	0	a
2	2	116	160	-1.5865	0.012657	0	a
2	1	116	165	-4.70357	0.033437	0	a
2	2	116	165	-1.10033	0.009416	0	a
2	1	116	167	-4.32722	0.030928	0	a
2	2	116	167	-1.59467	0.012711	0	a
2	1	118	151	0.210064	0.00348	0	a
2	2	118	151	0.036183	0.002321	0	a
2	1	119	120	-0.789797	0.007345	0	a
2	2	119	120	-0.074468	0.002576	0	a
2	1	119	121	-0.047697	0.002398	0	a
2	2	119	121	0.042956	0.002366	0	a
2	1	119	124	-0.153049	0.0031	0	a
2	2	119	124	-0.131584	0.002957	0	a
2	1	119	125	-0.47614	0.005254	0	a
2	2	119	125	-0.193356	0.003369	0	a
2	1	119	126	-0.622565	0.00623	0	a
2	2	119	126	-0.175296	0.003249	0	a
2	1	119	161	1.57091	0.012553	0	a
2	2	119	161	-0.462121	0.005161	0	a
2	1	120	125	-0.354755	0.004445	0	a
2	2	120	125	-0.134552	0.002977	0	a
2	1	121	122	-2.22159	0.016891	0	a
2	2	121	122	-0.851124	0.007754	0	a
2	1	122	124	1.05413	0.009108	0	a
2	2	122	124	0.456143	0.005121	0	a
2	1	122	128	-0.291791	0.004025	0	a
2	2	122	128	-0.374354	0.004576	0	a
2	1	124	125	-1.48812	0.012001	0	a
2	2	124	125	-0.664591	0.006511	0	a
2	1	124	128	-0.722114	0.006894	0	a
2	2	124	128	-0.461027	0.005154	0	a
2	1	125	126	-1.51368	0.012171	0	a
2	2	125	126	0.23331	0.003635	0	a
2	1	127	157	0.973484	0.00857	0	a
2	2	127	157	0.545886	0.005719	0	a
2	1	127	158	0.484477	0.00531	0	a
2	2	127	158	0.336463	0.004323	0	a
2	1	131	132	-0.234901	0.003646	0	a
2	2	131	132	0.068341	0.002536	0	a
2	1	132	140	1.11187	0.009492	0	a
2	2	132	140	-0.31593	0.004186	0	a
2	1	133	135	-0.312098	0.004161	0	a
2	2	133	135	-0.182073	0.003294	0	a
2	1	133	162	-0.387902	0.004666	0	a
2	2	133	162	-0.212927	0.0035	0	a
2	1	134	140	-0.749561	0.007077	0	a
2	2	134	140	-0.098226	0.002735	0	a
2	1	136	138	-3.38539	0.024649	0	a
2	2	136	138	1.69657	0.01339	0	a
2	1	137	138	-0.83217	0.007628	0	a
2	2	137	138	1.62151	0.01289	0	a
2	1	137	139	0.37398	0.004573	0	a
2	2	137	139	-0.833505	0.007637	0	a
2	1	141	143	4.62333	0.032902	0	a
2	2	141	143	0.051607	0.002424	0	a
2	1	141	144	-5.47333	0.038569	0	a
2	2	141	144	-0.291607	0.004024	0	a
2	1	142	143	-2.20209	0.016761	0	a
2	2	142	143	0.109159	0.002808	0	a
2	1	144	145	-5.52423	0.038908	0	a
2	2	144	145	0.803939	0.00744	0	a
2	1	146	148	-0.277358	0.003929	0	a
2	2	146	148	-0.852967	0.007766	0	a
2	1	151	152	0.249222	0.003741	0	a
2	2	151	152	0.273086	0.003901	0	a
2	1	151	153	-0.306929	0.004126	0	a
2	2	151	153	-0.167935	0.0032	0	a
2	1	152	153	-0.550123	0.005747	0	a
2	2	152	153	-0.367408	0.004529	0	a
2	1	152	154	-0.295205	0.004048	0	a
2	2	152	154	-0.219256	0.003542	0	a
2	1	152	155	-0.551186	0.005755	0	a
2	2	152	155	-0.126558	0.002924	0	a
2	1	154	155	-0.575616	0.005917	0	a
2	2	154	155	-0.139653	0.003011	0	a
2	1	154	158	0.102072	0.00276	0	a
2	2	154	158	0.183497	0.003303	0	a
2	1	155	156	0.982652	0.008631	0	a
2	2	155	156	0.27858	0.003937	0	a
2	1	156	157	1.51865	0.012204	0	a
2	2	156	157	0.716981	0.00686	0	a
2	1	157	158	0.212893	0.003499	0	a
2	2	157	158	0.267351	0.003862	0	a
2	1	157	159	-2.11914	0.016208	0	a
2	2	157	159	-1.04153	0.009024	0	a
2	1	160	117	4.80964	0.034144	0	a
2	2	160	117	-0.123956	0.002906	0	a
2	1	160	166	-6.46604	0.045187	0	a
2	2	160	166	-1.44986	0.011746	0	a
2	1	163	164	-1.99035	0.015349	0	a
2	2	163	164	-0.513418	0.005503	0	a
2	1	165	167	6.68356	0.046637	0	a
2	2	165	167	1.1523	0.009762	0	a
2	1	166	167	4.92011	0.034881	0	a
2	2	166	167	1.21838	0.010203	0	a
2	1	167	117	5.39628	0.038055	0	a
2	2	167	117	0.008721	0.002138	0	a
2	1	168	187	0.172476	0.00323	0	a
2	2	168	187	-0.029031	0.002274	0	a
2	1	168	188	-0.081293	0.002622	0	a
2	2	168	188	0.001636	0.002091	0	a
2	1	169	210	5.30386	0.037439	0	a
2	2	169	210	4.01686	0.028859	0	a
2	1	169	219	-0.330951	0.004286	0	a
2	2	169	219	-1.63536	0.012982	0	a
2	1	170	171	8.32035	0.057549	0	a
2	2	170	171	3.47612	0.025254	0	a
2	1	171	204	0.09611	0.002721	0	a
2	2	171	204	-0.831656	0.007624	0	a
2	1	172	184	0.2831	0.003967	0	a
2	2	172	184	-0.005868	0.002119	0	a
2	1	172	187	-0.061186	0.002488	0	a
2	2	172	187	0.015257	0.002182	0	a
2	1	173	198	1.25057	0.010417	0	a
2	2	173	198	-0.496024	0.005387	0	a
2	1	173	242	-1.12627	0.009588	0	a
2	2	173	242	0.442154	0.005028	0	a
2	1	174	198	0.175674	0.003251	0	a
2	2	174	198	-0.782051	0.007294	0	a
2	1	175	176	-0.580814	0.005952	0	a
2	2	175	176	-0.315321	0.004182	0	a
2	1	175	189	-0.128842	0.002939	0	a
2	2	175	189	0.057683	0.002465	0	a
2	1	176	177	-0.902149	0.008094	0	a
2	2	176	177	-0.274804	0.003912	0	a
2	1	176	190	-0.115193	0.002848	0	a
2	2	176	190	-0.195347	0.003382	0	a
2	1	177	181	0.117873	0.002866	0	a
2	2	177	181	-0.010628	0.002151	0	a
2	1	177	182	0.731196	0.006955	0	a
2	2	177	182	0.152288	0.003095	0	a
2	1	177	189	0.903256	0.008102	0	a
2	2	177	189	0.460569	0.00515	0	a
2	1	177	190	0.468495	0.005203	0	a
2	2	177	190	0.010302	0.002149	0	a
2	1	178	179	-0.019293	0.002209	0	a
2	2	178	179	0.100179	0.002748	0	a
2	1	178	189	-0.330707	0.004285	0	a
2	2	178	189	-0.220179	0.003548	0	a
2	1	179	189	-0.244175	0.003708	0	a
2	2	179	189	-0.222578	0.003564	0	a
2	1	180	183	0.03976	0.002345	0	a
2	2	180	183	0.020211	0.002215	0	a
2	1	182	190	0.306287	0.004122	0	a
2	2	182	190	0.012614	0.002164	0	a
2	1	183	184	-0.296905	0.004059	0	a
2	2	183	184	-0.060732	0.002485	0	a
2	1	184	185	-0.022054	0.002227	0	a
2	2	184	185	-0.028505	0.00227	0	a
2	1	185	186	-0.103114	0.002767	0	a
2	2	185	186	-0.087609	0.002664	0	a
2	1	185	187	-0.039349	0.002342	0	a
2	2	185	187	0.038499	0.002337	0	a
2	1	191	194	-0.414077	0.004841	0	a
2	2	191	194	0.356118	0.004454	0	a
2	1	193	194	2.48959	0.018677	0	a
2	2	193	194	0.218715	0.003538	0	a
2	1	193	221	-0.00826	0.002135	0	a
2	2	193	221	-0.195269	0.003382	0	a
2	1	194	195	1.59016	0.012681	0	a
2	2	194	195	0.276439	0.003923	0	a
2	1	195	196	-0.181994	0.003293	0	a
2	2	195	196	-0.816022	0.00752	0	a
2	1	196	197	0.16977	0.003212	0	a
2	2	196	197	0.30057	0.004084	0	a
2	1	196	198	-1.16744	0.009863	0	a
2	2	196	198	-1.56923	0.012542	0	a
2	1	196	199	-0.187243	0.003328	0	a
2	2	196	199	-0.31592	0.004186	0	a
2	1	198	216	-0.560079	0.005814	0	a
2	2	198	216	-2.17208	0.016561	0	a
2	1	199	197	0.32995	0.00428	0	a
2	2	199	197	-0.038128	0.002334	0	a
2	1	199	200	0.471287	0.005222	0	a
2	2	199	200	0.00497	0.002113	0	a
2	1	199	217	-2.8386	0.021004	0	a
2	2	199	217	0.365687	0.004518	0	a
2	1	200	202	3.261	0.02382	0	a
2	2	200	202	1.29963	0.010744	0	a
2	1	203	204	-2.38865	0.018004	0	a
2	2	203	204	1.22019	0.010215	0	a
2	1	203	205	-0.365777	0.004519	0	a
2	2	203	205	-2.27249	0.01723	0	a
2	1	204	170	-6.47267	0.045231	0	a
2	2	204	170	-0.067734	0.002532	0	a
2	1	205	210	-0.372502	0.004563	0	a
2	2	205	210	-1.42944	0.01161	0	a
2	1	207	208	-2.24663	0.017058	0	a
2	2	207	208	-1.13719	0.009661	0	a
2	1	207	210	0.052506	0.00243	0	a
2	2	207	210	-0.061205	0.002488	0	a
2	1	207	213	-0.035872	0.002319	0	a
2	2	207	213	-0.281609	0.003957	0	a
2	1	208	169	0.22291	0.003566	0	a
2	2	208	169	-0.12626	0.002922	0	a
2	1	210	211	5.5286	0.038937	0	a
2	2	210	211	0.87007	0.00788	0	a
2	1	210	216	-4.50723	0.032128	0	a
2	2	210	216	2.38625	0.017988	0	a
2	1	211	212	1.04252	0.00903	0	a
2	2	211	212	0.703165	0.006768	0	a
2	1	213	214	0.108671	0.002804	0	a
2	2	213	214	0.947966	0.0084	0	a
2	1	213	216	0.11308	0.002834	0	a
2	2	213	216	-0.330306	0.004282	0	a
2	1	214	217	-2.58153	0.01929	0	a
2	2	214	217	-0.497213	0.005395	0	a
2	1	219	230	-0.330951	0.004286	0	a
2	2	219	230	-0.304149	0.004108	0	a
2	1	221	224	0.697697	0.006731	0	a
2	2	221	224	0.305067	0.004114	0	a
2	1	221	226	0.993985	0.008707	0	a
2	2	221	226	0.626778	0.006259	0	a
2	1	222	223	0.579798	0.005945	0	a
2	2	222	223	0.425332	0.004916	0	a
2	1	222	224	0.180202	0.003281	0	a
2	2	222	224	0.233464	0.003636	0	a
2	1	223	225	0.57336	0.005902	0	a
2	2	223	225	0.407338	0.004796	0	a
2	1	224	225	0.20003	0.003414	0	a
2	2	224	225	0.072392	0.002563	0	a
2	1	224	226	0.060268	0.002482	0	a
2	2	224	226	0.100713	0.002751	0	a
2	1	225	226	-0.00726	0.002128	0	a
2	2	225	226	0.118227	0.002868	0	a
2	1	226	227	0.42036	0.004882	0	a
2	2	226	227	0.43934	0.005009	0	a
2	1	227	228	0.066282	0.002522	0	a
2	2	227	228	-0.011095	0.002154	0	a
2	1	228	229	-0.223931	0.003573	0	a
2	2	228	229	-0.151703	0.003091	0	a
1	1	292	270	-0.358	0.004467	0	a
1	2	292	270	0.129123	0.002941	0	a
1	1	294	270	-0.2769	0.003926	0	a
1	2	294	270	0.114342	0.002842	0	a
1	1	295	270	0.5	0.005413	0	a
1	2	295	270	0.237495	0.003663	0	a
1	1	296	270	0.08	0.002613	0	a
1	2	296	270	0.044035	0.002374	0	a
1	1	275	274	-0.0161	0.002187	0	a
1	2	275	274	-0.0053	0.002115	0	a
1	1	277	267	-0.0142	0.002175	0	a
1	2	277	267	-0.0047	0.002111	0	a
1	1	278	276	-0.0047	0.002111	0	a
1	2	278	276	-0.0016	0.002091	0	a
1	1	279	276	-0.0047	0.002111	0	a
1	2	279	276	-0.0016	0.002091	0	a
1	1	297	272	-0.0107	0.002151	0	a
1	2	297	272	-0.0035	0.002103	0	a
1	1	298	272	-0.0107	0.002151	0	a
1	2	298	272	-0.0035	0.002103	0	a
1	1	280	268	-0.0194	0.002209	0	a
1	2	280	268	-0.0064	0.002123	0	a
1	1	281	268	-0.0146	0.002177	0	a
1	2	281	268	-0.0048	0.002112	0	a
1	1	282	268	-0.0199	0.002213	0	a
1	2	282	268	-0.0065	0.002123	0	a
1	1	288	269	-0.0106	0.002151	0	a
1	2	288	269	-0.0035	0.002103	0	a
1	1	289	269	-0.0085	0.002137	0	a
1	2	289	269	-0.0028	0.002099	0	a
1	1	290	269	-0.016	0.002187	0	a
1	2	290	269	-0.0052	0.002115	0	a
1	1	283	268	-0.0163	0.002189	0	a
1	2	283	268	-0.0226	0.002231	0	a
1	1	284	268	-0.0175	0.002197	0	a
1	2	284	268	-0.0058	0.002119	0	a
1	1	285	268	-0.0303	0.002282	0	a
1	2	285	268	-0.01	0.002147	0	a
1	1	286	268	-0.0196	0.002211	0	a
1	2	286	268	-0.0064	0.002123	0	a
1	1	287	268	-0.0272	0.002261	0	a
1	2	287	268	-0.0089	0.002139	0	a
1	1	300	294	-0.0129	0.002166	0	a
1	2	300	294	-0.0041	0.002107	0	a
1	1	193	192	-2.70133	0.020089	0	a
1	2	193	192	-0.183446	0.003303	0	a
1	1	216	220	-5.73888	0.040339	0	a
1	2	216	220	-0.007476	0.00213	0	a
1	1	10	12	-1.31325	0.010835	0	a
1	2	10	12	0.201161	0.003421	0	a
1	1	19	20	-5.21281	0.036832	0	a
1	2	19	20	-1.45832	0.011802	0	a
1	1	103	95	-0.750034	0.00708	0	a
1	2	103	95	1.11544	0.009516	0	a
1	1	149	111	-1.15312	0.009767	0	a
1	2	149	111	-0.514175	0.005508	0	a
1	1	149	130	-1.61488	0.012846	0	a
1	2	149	130	-0.527164	0.005594	0	a
1	1	135	134	-1.094	0.009373	0	a
1	2	135	134	-1.01399	0.00884	0	a
1	1	103	139	-0.36858	0.004537	0	a
1	2	103	139	0.631733	0.006292	0	a
1	1	177	188	0.467947	0.0052	0	a
1	2	177	188	0.180332	0.003282	0	a
1	1	209	208	3.45	0.02508	0	a
1	2	209	208	0.492507	0.005363	0	a
1	1	215	213	6	0.04208	0	a
1	2	215	213	3.18359	0.023304	0	a
1	1	218	217	5.5	0.038747	0	a
1	2	218	217	0.683848	0.006639	0	a
1	1	2	248	-6.194	0.043373	0	a
1	2	2	248	-0.408247	0.004802	0	a
1	1	3	249	-12.1	0.082747	0	a
1	2	3	249	-2.6336	0.019637	0	a
1	1	53	260	-4	0.028747	0	a
1	2	53	260	-0.809404	0.007476	0	a
1	1	54	261	-4	0.028747	0	a
1	2	54	261	-0.973613	0.008571	0	a
1	1	145	265	-5.53	0.038947	0	a
1	2	145	265	1.47891	0.011939	0	a
1	1	23	254	-4.1	0.029413	0	a
1	2	23	254	-0.584293	0.005975	0	a
1	1	1	247	-4.67	0.033213	0	a
1	2	1	247	-0.979994	0.008613	0	a
1	1	109	263	-12.92	0.088213	0	a
1	2	109	263	-0.218257	0.003535	0	a
1	1	11	250	-2.34	0.01768	0	a
1	2	11	250	-0.408464	0.004803	0	a
1	1	22	253	-1.85	0.014413	0	a
1	2	22	253	0.01697	0.002193	0	a
1	1	43	257	-4.80562	0.034117	0	a
1	2	43	257	-0.166604	0.003191	0	a
1	1	118	264	-7	0.048747	0	a
1	2	118	264	-2.14426	0.016375	0	a
1	1	12	251	-3.72	0.02688	0	a
1	2	12	251	-1.49658	0.012057	0	a
1	1	17	252	-3.3	0.02408	0	a
1	2	17	252	-3.18167	0.023291	0	a
1	1	33	255	-5	0.035413	0	a
1	2	33	255	-0.863579	0.007837	0	a
1	1	49	259	-1.65	0.01308	0	a
1	2	49	259	-0.741184	0.007021	0	a
1	1	38	256	-0.37	0.004547	0	a
1	2	38	256	-0.378412	0.004603	0	a
1	1	48	258	-0.45	0.00508	0	a
1	2	48	258	-0.208166	0.003468	0	a
1	1	59	262	-1.16	0.009813	0	a
1	2	59	262	-0.745488	0.00705	0	a
1	1	216	201	0.780807	0.007285	0	a
1	2	216	201	-0.134335	0.002976	0	a
1	1	210	206	2.35552	0.017783	0	a
1	2	210	206	1.06697	0.009193	0	a
2	1	175	246	0.387742	0.004665	0	a
2	2	175	246	0.205633	0.003451	0	a
1	1	266	31	-0.797639	0.007398	0	a
1	2	266	31	-0.127353	0.002929	0	a
1	1	271	266	-0.26432	0.003842	0	a
1	2	271	266	-0.136634	0.002991	0	a
1	1	273	266	-0.168857	0.003206	0	a
1	2	273	266	-0.02708	0.002261	0	a
1	1	293	270	-0.3	0.00408	0	a
1	2	293	270	-0.23	0.003613	0	a
1	1	1	3	-0.25018	0.003748	0	a
1	2	1	3	-0.478652	0.005271	0	a
1	1	2	3	0.403038	0.004767	0	a
1	2	2	3	-0.142729	0.003032	0	a
1	1	4	3	-7.02512	0.048914	0	a
1	2	4	3	0.915238	0.008182	0	a
1	1	5	7	-0.714992	0.006847	0	a
1	2	5	7	-0.737031	0.006994	0	a
1	1	6	7	0.390738	0.004685	0	a
1	2	6	7	-0.11472	0.002845	0	a
1	1	11	10	0.216748	0.003525	0	a
1	2	11	10	0.341571	0.004357	0	a
1	1	17	15	-2.31	0.01748	0	a
1	2	17	15	0.981672	0.008624	0	a
1	1	15	16	-2.99726	0.022062	0	a
1	2	15	16	-0.519063	0.00554	0	a
1	1	22	23	-0.634283	0.006309	0	a
1	2	22	23	-0.261045	0.00382	0	a
1	1	29	30	-1.14054	0.009684	0	a
1	2	29	30	-0.232468	0.00363	0	a
1	1	38	39	-2.42066	0.018218	0	a
1	2	38	39	-0.173687	0.003238	0	a
1	1	40	39	2.65422	0.019775	0	a
1	2	40	39	0.674906	0.006579	0	a
1	1	53	54	-0.710444	0.006816	0	a
1	2	53	54	-0.846072	0.00772	0	a
1	1	56	55	1.90357	0.01477	0	a
1	2	56	55	0.215889	0.003519	0	a
1	1	62	61	2.64419	0.019708	0	a
1	2	62	61	0.79908	0.007407	0	a
1	1	73	68	-1.92853	0.014937	0	a
1	2	73	68	-0.798188	0.007401	0	a
1	1	81	70	-0.925154	0.008248	0	a
1	2	81	70	0.066934	0.002526	0	a
1	1	83	71	-0.371842	0.004559	0	a
1	2	83	71	0.208994	0.003473	0	a
1	1	78	72	-0.604594	0.006111	0	a
1	2	78	72	0.345208	0.004381	0	a
1	1	186	93	0.105547	0.002784	0	a
1	2	186	93	0.052686	0.002431	0	a
1	1	94	100	-0.69482	0.006712	0	a
1	2	94	100	0.353286	0.004435	0	a
1	1	136	101	1.85525	0.014448	0	a
1	2	136	101	-0.07596	0.002586	0	a
1	1	110	109	0.517193	0.005528	0	a
1	2	110	109	1.00995	0.008813	0	a
1	1	129	109	1.00051	0.00875	0	a
1	2	129	109	1.35447	0.01111	0	a
1	1	153	120	-0.915048	0.00818	0	a
1	2	153	120	-0.699499	0.006743	0	a
1	1	154	121	-1.59587	0.012719	0	a
1	2	154	121	-1.11919	0.009541	0	a
1	1	123	122	-0.955149	0.008448	0	a
1	2	123	122	0.129431	0.002943	0	a
1	1	127	122	-2.08796	0.016	0	a
1	2	127	122	-1.13235	0.009629	0	a
1	1	159	124	-2.85399	0.021107	0	a
1	2	159	124	-1.64942	0.013076	0	a
1	1	162	132	-0.810036	0.00748	0	a
1	2	162	132	-0.301304	0.004089	0	a
1	1	96	138	4.57329	0.032569	0	a
1	2	96	138	-2.41098	0.018153	0	a
1	1	116	142	-2.19625	0.016722	0	a
1	2	116	142	0.285706	0.003985	0	a
1	1	134	143	-2.34636	0.017722	0	a
1	2	134	143	-1.47719	0.011928	0	a
1	1	118	161	0.839936	0.00768	0	a
1	2	118	161	1.27508	0.010581	0	a
1	1	189	168	0.161183	0.003155	0	a
1	2	189	168	-0.00037	0.002082	0	a
1	1	175	172	0.221914	0.003559	0	a
1	2	175	172	0.022006	0.002227	0	a
1	1	191	174	-0.850991	0.007753	0	a
1	2	191	174	-0.894979	0.008047	0	a
1	1	227	179	0.046109	0.002387	0	a
1	2	227	179	-0.196574	0.00339	0	a
1	1	57	180	0.44976	0.005078	0	a
1	2	57	180	0.185427	0.003316	0	a
1	1	190	181	0.26664	0.003858	0	a
1	2	190	181	0.162523	0.003163	0	a
1	1	246	183	0.387721	0.004665	0	a
1	2	246	183	0.201509	0.003423	0	a
1	1	191	190	1.26507	0.010514	0	a
1	2	191	190	0.538861	0.005672	0	a
1	1	198	197	0.811488	0.00749	0	a
1	2	198	197	0.301437	0.00409	0	a
1	1	203	202	1.02443	0.00891	0	a
1	2	203	202	0.062294	0.002495	0	a
1	1	243	98	-1.003	0.008767	0	a
1	2	243	98	-0.2917	0.004025	0	a
1	1	244	99	1	0.008747	0	a
1	2	244	99	-0.3417	0.004358	0	a
0
