1078							
3	5	10	10	1.05029	0.00908	0	a
3	5	9	9	1.04597	0.009033	0	a
3	5	73	73	1.01015	0.008687	0	a
3	5	87	87	1.01516	0.008847	0	a
3	5	86	86	1.00424	0.008658	0	a
3	5	111	111	0.982578	0.008613	0	a
3	5	112	112	0.986279	0.00858	0	a
3	5	116	116	1.0068	0.00878	0	a
3	5	117	117	0.97449	0.008572	0	a
3	5	1	1	0.965467	0.008447	0	a
3	5	2	2	0.985455	0.008556	0	a
3	5	3	3	0.980975	0.008522	0	a
3	5	4	4	1.00409	0.008733	0	a
3	5	6	6	1.00199	0.00868	0	a
3	5	7	7	1.00489	0.008676	0	a
3	5	8	8	1.02979	0.008847	0	a
3	5	13	13	0.969691	0.00853	0	a
3	5	14	14	0.989655	0.008637	0	a
3	5	16	16	0.997246	0.008621	0	a
3	5	18	18	0.984647	0.008567	0	a
3	5	20	20	0.961693	0.008459	0	a
3	5	21	21	0.977352	0.008464	0	a
3	5	22	22	0.985537	0.008539	0	a
3	5	26	26	1.01923	0.008847	0	a
3	5	28	28	0.964734	0.00849	0	a
3	5	29	29	0.968487	0.008501	0	a
3	5	33	33	0.960451	0.008523	0	a
3	5	35	35	0.985464	0.008606	0	a
3	5	36	36	0.990536	0.008613	0	a
3	5	39	39	0.982264	0.008517	0	a
3	5	41	41	0.97752	0.008526	0	a
3	5	40	40	0.977345	0.008547	0	a
3	5	42	42	0.995411	0.008647	0	a
3	5	43	43	0.981656	0.008593	0	a
3	5	44	44	0.988355	0.008642	0	a
3	5	47	47	1.01578	0.008857	0	a
3	5	48	48	1.04076	0.008884	0	a
3	5	46	46	1.02163	0.00878	0	a
3	5	45	45	1.00214	0.008655	0	a
3	5	50	50	1.00706	0.008752	0	a
3	5	52	52	0.971777	0.008454	0	a
3	5	53	53	0.955392	0.008384	0	a
3	5	57	57	0.978256	0.008548	0	a
3	5	58	58	0.964881	0.008471	0	a
3	5	63	63	1.02279	0.008852	0	a
3	5	67	67	1.02765	0.008876	0	a
3	5	68	68	1.03031	0.00889	0	a
3	5	71	71	1.00086	0.008659	0	a
3	5	72	72	0.994877	0.008613	0	a
3	5	24	24	1.00453	0.008693	0	a
3	5	74	74	0.969509	0.008467	0	a
3	5	70	70	0.992274	0.00864	0	a
3	5	76	76	0.963104	0.008367	0	a
3	5	78	78	1.00923	0.00877	0	a
3	5	79	79	1.01649	0.008807	0	a
3	5	81	81	1.07297	0.009144	0	a
3	5	84	84	0.993429	0.008596	0	a
3	5	83	83	0.997787	0.008616	0	a
3	5	88	88	0.993394	0.008652	0	a
3	5	85	85	0.99151	0.008647	0	a
3	5	90	90	0.990813	0.008647	0	a
3	5	91	91	0.976104	0.008613	0	a
3	5	89	89	1.01274	0.00878	0	a
3	5	93	93	0.992659	0.008656	0	a
3	5	95	95	0.986132	0.008617	0	a
3	5	97	97	1.02978	0.008819	0	a
3	5	98	98	1.0265	0.008902	0	a
3	5	99	99	1.02384	0.008813	0	a
3	5	101	101	1.00257	0.008694	0	a
3	5	102	102	0.99208	0.008678	0	a
3	5	107	107	0.970647	0.008427	0	a
3	5	106	106	0.973586	0.008488	0	a
3	5	108	108	0.982745	0.008521	0	a
3	5	109	109	0.973934	0.008527	0	a
3	5	110	110	0.988774	0.008567	0	a
3	5	113	113	0.995601	0.0087	0	a
3	5	114	114	0.964345	0.008481	0	a
3	5	115	115	0.969922	0.00848	0	a
3	5	118	118	0.953037	0.008409	0	a
3	5	75	75	0.984172	0.008528	0	a
3	5	5	5	1.01022	0.008722	0	a
3	5	11	11	1.00655	0.00864	0	a
3	5	12	12	0.978058	0.00868	0	a
3	5	25	25	1.06366	0.00908	0	a
3	5	31	31	0.966724	0.008527	0	a
3	5	32	32	0.972336	0.0085	0	a
3	5	27	27	0.985265	0.008533	0	a
3	5	34	34	0.993437	0.00864	0	a
3	5	37	37	0.991721	0.008622	0	a
3	5	51	51	0.973546	0.008521	0	a
3	5	55	55	0.955918	0.008427	0	a
3	5	54	54	0.961878	0.008447	0	a
3	5	56	56	0.961142	0.00844	0	a
3	5	60	60	1.00596	0.008701	0	a
3	5	62	62	1.0143	0.008733	0	a
3	5	59	59	0.99582	0.008647	0	a
3	5	61	61	1.00394	0.008713	0	a
3	5	64	64	1.02616	0.008831	0	a
3	5	66	66	1.06326	0.00908	0	a
3	5	65	65	1.01698	0.00878	0	a
3	5	38	38	1.04239	0.008996	0	a
3	5	30	30	1.04628	0.008948	0	a
3	5	17	17	0.981319	0.008657	0	a
3	5	15	15	0.97265	0.008547	0	a
3	5	19	19	0.97821	0.008493	0	a
3	5	23	23	1.00043	0.008743	0	a
3	5	49	49	1.02734	0.008913	0	a
3	5	77	77	1.03044	0.008787	0	a
3	5	80	80	1.05465	0.009013	0	a
3	5	96	96	1.00044	0.008694	0	a
3	5	82	82	1.00536	0.008656	0	a
3	5	92	92	0.991189	0.00868	0	a
3	5	94	94	0.9962	0.008683	0	a
3	5	100	100	1.01561	0.00886	0	a
3	5	103	103	1.02837	0.008813	0	a
3	5	104	104	0.968333	0.008553	0	a
3	5	105	105	0.963308	0.008513	0	a
3	5	69	69	1.05639	0.00898	0	a
3	1	10	10	4.52593	0.03208	0	a
3	2	10	10	-0.505917	0.005483	0	a
3	1	9	9	0	0.00208	0	a
3	2	9	9	0.00175133	0.00208	0	a
3	1	73	73	-0.0550523	0.00248	0	a
3	2	73	73	0.0999063	0.002725	0	a
3	1	87	87	0.0422608	0.002347	0	a
3	2	87	87	0.110679	0.002815	0	a
3	1	86	86	-0.207864	0.00348	0	a
3	2	86	86	-0.0983541	0.002747	0	a
3	1	111	111	0.367057	0.00448	0	a
3	2	111	111	-0.0127872	0.002203	0	a
3	1	112	112	-0.673104	0.006613	0	a
3	2	112	112	0.29443	0.003981	0	a
3	1	116	116	-1.81043	0.014347	0	a
3	2	116	116	-3.9395	0.028758	0	a
3	1	117	117	-0.196008	0.003413	0	a
3	2	117	117	-0.0783695	0.002613	0	a
3	1	1	1	-0.507338	0.00548	0	a
3	2	1	1	-0.21619	0.003878	1	a
3	1	2	2	-0.192026	0.003413	0	a
3	2	2	2	-0.0883836	0.00268	0	a
3	1	3	3	-0.3872	0.00468	0	a
3	2	3	3	-0.0928921	0.002747	0	a
3	1	4	4	-0.384376	0.00468	0	a
3	2	4	4	0.468443	0.00515	0	a
3	1	6	6	-0.515758	0.005547	0	a
3	2	6	6	0.0461501	0.002383	0	a
3	1	7	7	-0.188378	0.003347	0	a
3	2	7	7	-0.0189217	0.002213	0	a
3	1	8	8	-0.276963	0.003947	0	a
3	2	8	8	-1.21752	0.01029	0	a
3	1	13	13	-0.3337	0.004347	0	a
3	2	13	13	-0.160423	0.003147	0	a
3	1	14	14	-0.140692	0.003013	0	a
3	2	14	14	-0.00740982	0.002147	0	a
3	1	16	16	-0.249383	0.003747	0	a
3	2	16	16	-0.097395	0.002747	0	a
3	1	18	18	-0.585595	0.00608	0	a
3	2	18	18	0.117947	0.002822	0	a
3	1	20	20	-0.181103	0.00328	0	a
3	2	20	20	-0.029103	0.00228	0	a
3	1	21	21	-0.139401	0.003013	0	a
3	2	21	21	-0.0739355	0.002613	0	a
3	1	22	22	-0.0986925	0.002747	0	a
3	2	22	22	-0.0461975	0.002413	0	a
3	1	26	26	3.20251	0.023013	0	a
3	2	26	26	-2.67511	0.020216	0	a
3	1	28	28	-0.162102	0.003213	0	a
3	2	28	28	-0.0682902	0.002547	0	a
3	1	29	29	-0.230208	0.00368	0	a
3	2	29	29	-0.0341586	0.002347	0	a
3	1	33	33	-0.226666	0.003613	0	a
3	2	33	33	-0.0845363	0.00268	0	a
3	1	35	35	-0.324551	0.00428	0	a
3	2	35	35	-0.0890533	0.00268	0	a
3	1	36	36	-0.301027	0.004147	0	a
3	2	36	36	0.0631669	0.002484	0	a
3	1	39	39	-0.265897	0.00388	0	a
3	2	39	39	-0.105172	0.002813	0	a
3	1	41	41	-0.366476	0.004547	0	a
3	2	41	41	-0.0989083	0.002747	0	a
3	1	40	40	-0.650619	0.00648	0	a
3	2	40	40	0.230288	0.003582	0	a
3	1	42	42	-0.941461	0.00848	0	a
3	2	42	42	0.383435	0.004579	0	a
3	1	43	43	-0.177517	0.00328	0	a
3	2	43	43	-0.0656213	0.002547	0	a
3	1	44	44	-0.11954	0.003147	1	a
3	2	44	44	-0.0768309	0.002613	0	a
3	1	47	47	-0.334233	0.004347	0	a
3	2	47	47	0.00102749	0.00208	0	a
3	1	48	48	-0.201354	0.003413	0	a
3	2	48	48	-0.107681	0.002813	0	a
3	1	46	46	-0.0912628	0.00268	0	a
3	2	46	46	-0.138251	0.003042	0	a
3	1	45	45	-0.527927	0.005613	0	a
3	2	45	45	-0.218426	0.003547	0	a
3	1	50	50	-0.164117	0.003213	0	a
3	2	50	50	-0.0373094	0.002347	0	a
3	1	52	52	-0.178474	0.00328	0	a
3	2	52	52	-0.0481821	0.002413	0	a
3	1	53	53	-0.224451	0.003613	0	a
3	2	53	53	-0.11027	0.002813	0	a
3	1	57	57	-0.113909	0.00288	0	a
3	2	57	57	-0.0255675	0.00228	0	a
3	1	58	58	-0.119749	0.00288	0	a
3	2	58	58	-0.0269769	0.00228	0	a
3	1	63	63	0	0.00208	0	a
3	2	63	63	0	0.00208	0	a
3	1	67	67	-0.272556	0.003947	0	a
3	2	67	67	-0.0689455	0.002547	0	a
3	1	68	68	0	0.00208	0	a
3	2	68	68	0.00124243	0.00208	0	a
3	1	71	71	0	0.00208	0	a
3	2	71	71	0	0.00208	0	a
3	1	72	72	-0.115671	0.00288	0	a
3	2	72	72	-0.108103	0.002818	0	a
3	1	24	24	-0.128839	0.002947	0	a
3	2	24	24	-0.156326	0.003108	0	a
3	1	74	74	-0.671493	0.006613	0	a
3	2	74	74	-0.31436	0.004226	0	a
3	1	70	70	-0.661373	0.00648	0	a
3	2	70	70	-0.0850023	0.002668	0	a
3	1	76	76	-0.667176	0.006613	0	a
3	2	76	76	-0.30485	0.004135	0	a
3	1	78	78	-0.699828	0.006813	0	a
3	2	78	78	-0.25219	0.003813	0	a
3	1	79	79	-0.384593	0.00468	0	a
3	2	79	79	-0.312108	0.004213	0	a
3	1	81	81	0	0.00208	0	a
3	2	81	81	0	0.00208	0	a
3	1	84	84	-0.112596	0.002813	0	a
3	2	84	84	-0.0645814	0.002547	0	a
3	1	83	83	-0.194067	0.003413	0	a
3	2	83	83	-0.0945683	0.002747	0	a
3	1	88	88	-0.475498	0.00528	0	a
3	2	88	88	-0.0955591	0.002747	0	a
3	1	85	85	-0.237752	0.00368	0	a
3	2	85	85	-0.132896	0.002969	0	a
3	1	90	90	-1.61348	0.012947	0	a
3	2	90	90	0.403128	0.004722	0	a
3	1	91	91	-0.095755	0.002747	0	a
3	2	91	91	-0.119829	0.00288	0	a
3	1	89	89	6.07118	0.042547	0	a
3	2	89	89	-0.120049	0.00288	1	a
3	1	93	93	-0.116409	0.00288	0	a
3	2	93	93	-0.0668358	0.002547	0	a
3	1	95	95	-0.411942	0.00488	0	a
3	2	95	95	-0.305793	0.004147	0	a
3	1	97	97	-0.144834	0.00308	0	a
3	2	97	97	-0.085259	0.00268	0	a
3	1	98	98	-0.340823	0.004347	0	a
3	2	98	98	-0.0775081	0.002613	0	a
3	1	99	99	-0.408464	0.00488	0	a
3	2	99	99	-0.173323	0.003222	0	a
3	1	101	101	-0.215683	0.003547	0	a
3	2	101	101	-0.146114	0.00308	0	a
3	1	102	102	-0.0476924	0.002413	0	a
3	2	102	102	-0.0240572	0.00228	0	a
3	1	107	107	-0.493461	0.005413	0	a
3	2	107	107	-0.052733	0.002443	0	a
3	1	106	106	-0.4211	0.004947	0	a
3	2	106	106	-0.15599	0.003147	0	a
3	1	108	108	-0.0197479	0.002213	0	a
3	2	108	108	-0.0067142	0.002147	0	a
3	1	109	109	-0.0787255	0.002613	0	a
3	2	109	109	-0.029405	0.00228	0	a
3	1	110	110	-0.389257	0.00468	0	a
3	2	110	110	-0.294511	0.004061	0	a
3	1	113	113	-0.0545606	0.00248	0	a
3	2	113	113	0.349124	0.004408	0	a
3	1	114	114	-0.0778433	0.002613	0	a
3	2	114	114	-0.027248	0.00228	0	a
3	1	115	115	-0.214903	0.003547	0	a
3	2	115	115	-0.0677891	0.002547	0	a
3	1	118	118	-0.326343	0.00428	0	a
3	2	118	118	-0.143439	0.00308	0	a
3	1	75	75	-0.462038	0.005213	0	a
3	2	75	75	-0.109624	0.002813	0	a
3	1	5	5	0	0.00208	0	a
3	2	5	5	0	0.00208	0	a
3	1	11	11	-0.707381	0.006747	0	a
3	2	11	11	-0.226932	0.003613	0	a
3	1	12	12	0.380863	0.004613	0	a
3	2	12	12	0.913725	0.008122	0	a
3	1	25	25	2.20248	0.016747	0	a
3	2	25	25	2.99226	0.021794	0	a
3	1	31	31	-0.360753	0.00448	0	a
3	2	31	31	0.113208	0.002807	0	a
3	1	32	32	-0.587309	0.006013	0	a
3	2	32	32	-0.388298	0.004689	0	a
3	1	27	27	-0.70428	0.006813	0	a
3	2	27	27	-0.0903407	0.002685	0	a
3	1	34	34	-0.580253	0.006013	0	a
3	2	34	34	0.524762	0.005491	0	a
3	1	37	37	0.0045344	0.00208	0	a
3	2	37	37	0	0.00208	0	a
3	1	51	51	-0.170419	0.003213	0	a
3	2	51	51	-0.0795447	0.002613	0	a
3	1	55	55	-0.621646	0.00628	0	a
3	2	55	55	-0.169729	0.003215	0	a
3	1	54	54	-0.647291	0.006413	0	a
3	2	54	54	-0.0273547	0.002276	0	a
3	1	56	56	-0.836082	0.00768	0	a
3	2	56	56	-0.0379047	0.002334	0	a
3	1	60	60	-0.781536	0.00728	0	a
3	2	60	60	-0.0280467	0.00228	0	a
3	1	62	62	-0.756366	0.007213	0	a
3	2	62	62	-0.108414	0.002849	0	a
3	1	59	59	-1.20669	0.010213	0	a
3	2	59	59	0.467553	0.005193	0	a
3	1	61	61	1.61393	0.012747	0	a
3	2	61	61	-0.339421	0.004362	0	a
3	1	64	64	0	0.00208	0	a
3	2	64	64	0	0.00208	0	a
3	1	66	66	3.58532	0.025613	0	a
3	2	66	66	3.98954	0.028448	0	a
3	1	65	65	3.91623	0.028147	0	a
3	2	65	65	-5.9562	0.041788	0	a
3	1	38	38	1.07E-03	0.00208	0	a
3	2	38	38	-8.38E-05	0.00208	0	a
3	1	30	30	0.00120092	0.00208	0	a
3	2	30	30	0.00246924	0.00208	0	a
3	1	17	17	-0.0688626	0.002813	1	a
3	2	17	17	-0.0244191	0.00228	0	a
3	1	15	15	-0.900445	0.00808	0	a
3	2	15	15	0.00497858	0.002098	0	a
3	1	19	19	-0.45284	0.00508	0	a
3	2	19	19	-0.384999	0.004701	0	a
3	1	23	23	-0.0694732	0.002547	0	a
3	2	23	23	0.00305987	0.00228	1	a
3	1	49	49	1.18745	0.00988	0	a
3	2	49	49	0.946265	0.008377	0	a
3	1	77	77	-0.602509	0.006147	0	a
3	2	77	77	0.56308	0.005809	0	a
3	1	80	80	3.48989	0.025213	0	a
3	2	80	80	2.60332	0.019283	0	a
3	1	96	96	-0.369616	0.004613	0	a
3	2	96	96	-0.146801	0.00308	0	a
3	1	82	82	-0.534991	0.00568	0	a
3	2	82	82	-0.19615	0.00388	1	a
3	1	92	92	-0.643513	0.006413	0	a
3	2	92	92	0.278065	0.003924	0	a
3	1	94	94	-0.290062	0.00408	0	a
3	2	94	94	-0.1577	0.003147	0	a
3	1	100	100	2.17982	0.016413	0	a
3	2	100	100	0.748158	0.007052	0	a
3	1	103	103	0.179081	0.003213	0	a
3	2	103	103	0.60927	0.006041	0	a
3	1	104	104	-0.370015	0.004613	0	a
3	2	104	104	-0.224092	0.003587	0	a
3	1	105	105	-0.309697	0.004147	0	a
3	2	105	105	-0.428248	0.005036	0	a
2	1	2	1	0.129778	0.002911	0	a
2	2	2	1	0.111474	0.002813	0	a
2	1	1	2	-0.119524	0.002905	0	a
2	2	1	2	-0.0768911	0.002949	1	a
2	1	3	1	0.393663	0.004671	0	a
2	2	3	1	0.137871	0.002994	0	a
2	1	1	3	-0.380246	0.004655	0	a
2	2	1	3	-0.133148	0.003009	0	a
2	1	5	4	1.05003	0.009019	0	a
2	2	5	4	-0.434117	0.005022	0	a
2	1	4	5	-1.02638	0.009004	0	a
2	2	4	5	0.452454	0.005077	0	a
2	1	5	3	0.693849	0.0067	0	a
2	2	5	3	0.134352	0.002961	0	a
2	1	3	5	-0.678007	0.006619	0	a
2	2	3	5	-0.0992585	0.00278	0	a
2	1	6	5	-0.867587	0.007936	0	a
2	2	6	5	0.0974729	0.002706	0	a
2	1	5	6	0.893841	0.007999	0	a
2	2	5	6	-0.0629059	0.002512	0	a
2	1	7	6	-0.352902	0.004465	0	a
2	2	7	6	0.0472927	0.002385	0	a
2	1	6	7	0.353403	0.004469	0	a
2	2	6	7	-0.0451324	0.002403	0	a
2	1	9	8	4.51124	0.031764	0	a
2	2	9	8	0.252285	0.003709	0	a
2	1	8	9	-4.35467	0.031456	0	a
2	2	8	9	-0.890872	0.008062	0	a
1	1	8	5	3.42163	0.024688	0	a
1	2	8	5	0.28579	0.003981	0	a
2	1	10	9	4.5472	0.03208	0	a
2	2	10	9	-0.501692	0.005483	0	a
2	1	9	10	-4.4875	0.031764	0	a
2	2	9	10	-0.235979	0.003709	0	a
2	1	11	4	-0.630921	0.006345	0	a
2	2	11	4	0.00204868	0.002086	0	a
2	1	4	11	0.656629	0.006404	0	a
2	2	4	11	0.0110343	0.002153	0	a
2	1	11	5	-0.740893	0.007129	0	a
2	2	11	5	0.064929	0.002492	0	a
2	1	5	11	0.778196	0.00721	0	a
2	2	5	11	-0.0357796	0.002334	0	a
2	1	12	11	-0.339387	0.004357	0	a
2	2	12	11	0.407419	0.004771	0	a
2	1	11	12	0.347781	0.004369	0	a
2	2	11	12	-0.394739	0.004766	0	a
2	1	12	2	0.329612	0.004264	0	a
2	2	12	2	0.194087	0.003375	0	a
2	1	2	12	-0.323638	0.004245	0	a
2	2	2	12	-0.197941	0.003413	0	a
2	1	12	3	0.101193	0.00274	0	a
2	2	12	3	0.101466	0.002727	0	a
2	1	3	12	-0.0903461	0.002732	0	a
2	2	3	12	-0.130113	0.002961	0	a
2	1	12	7	-0.16758	0.003197	0	a
2	2	12	7	0.0629266	0.002469	0	a
2	1	7	12	0.171502	0.003199	0	a
2	2	7	12	-0.061204	0.002518	0	a
2	1	13	11	-0.345283	0.004417	0	a
2	2	13	11	-0.114882	0.002863	0	a
2	1	11	13	0.356157	0.004439	0	a
2	2	11	13	0.108661	0.002814	0	a
2	1	14	12	-0.185522	0.003321	0	a
2	2	14	12	-0.0370012	0.002348	0	a
2	1	12	14	0.193134	0.003326	0	a
2	2	12	14	0.0271551	0.002248	0	a
2	1	15	13	-0.00634584	0.002151	0	a
2	2	15	13	-0.0129927	0.002188	0	a
2	1	13	15	0.0107976	0.002151	0	a
2	2	13	15	-0.0425228	0.002363	0	a
2	1	15	14	-0.0430604	0.002385	0	a
2	2	15	14	-0.0710446	0.002594	0	a
2	1	14	15	0.0504959	0.002387	0	a
2	2	14	15	0.0306983	0.002282	0	a
2	1	16	12	-0.0712224	0.002573	0	a
2	2	16	12	-0.093693	0.002717	0	a
2	1	12	16	0.075887	0.002575	0	a
2	2	12	16	0.0770424	0.002586	0	a
2	1	17	15	1.08779	0.00923	0	a
2	2	17	15	0.0556767	0.002436	0	a
2	1	15	17	-1.04942	0.009126	0	a
2	2	15	17	-0.0412722	0.002373	0	a
2	1	17	16	0.181248	0.003264	0	a
2	2	17	16	-0.0345413	0.002312	0	a
2	1	16	17	-0.171018	0.003254	0	a
2	2	16	17	0.000580046	0.00211	0	a
2	1	18	17	-0.800251	0.007466	0	a
2	2	18	17	-0.0538908	0.002439	0	a
2	1	17	18	0.817907	0.007523	0	a
2	2	17	18	0.0770833	0.002589	0	a
2	1	19	18	-0.202206	0.003461	0	a
2	2	19	18	-0.16796	0.003228	0	a
2	1	18	19	0.211795	0.003466	0	a
2	2	18	19	0.16684	0.003182	0	a
2	1	20	19	0.1142	0.002835	0	a
2	2	20	19	-0.0806763	0.002609	0	a
2	1	19	20	-0.105434	0.002832	0	a
2	2	19	20	0.0580794	0.002441	0	a
2	1	19	15	-0.112112	0.002856	0	a
2	2	19	15	-0.161228	0.003176	0	a
2	1	15	19	0.115397	0.002859	0	a
2	2	15	19	0.155709	0.003125	0	a
2	1	21	20	0.298363	0.004047	0	a
2	2	21	20	-0.0589852	0.002486	0	a
2	1	20	21	-0.285933	0.004035	0	a
2	2	20	21	0.051535	0.002409	0	a
2	1	22	21	0.448797	0.005009	0	a
2	2	22	21	0.0198426	0.002189	0	a
2	1	21	22	-0.429558	0.00498	0	a
2	2	21	22	-0.0132254	0.002207	0	a
2	1	23	22	0.550949	0.005747	0	a
2	2	23	22	0.109902	0.002592	1	a
2	1	22	23	-0.52801	0.005676	0	a
2	2	22	23	-0.0652695	0.002522	0	a
2	1	24	23	-0.036157	0.002337	0	a
2	2	24	23	-0.162843	0.003171	0	a
2	1	23	24	0.0423057	0.002339	0	a
2	2	23	24	0.114681	0.002849	0	a
2	1	25	23	1.6494	0.013012	0	a
2	2	25	23	0.399277	0.004672	0	a
2	1	23	25	-1.58565	0.012741	0	a
2	2	23	25	-0.271817	0.003884	0	a
1	1	26	25	0.864576	0.007889	0	a
1	2	26	25	-2.07045	0.015943	0	a
2	1	27	25	-1.35431	0.011199	0	a
2	2	27	25	-0.151807	0.003107	0	a
2	1	25	27	1.43155	0.011623	0	a
2	2	25	27	0.298721	0.004083	0	a
2	1	28	27	-0.323006	0.00426	0	a
2	2	28	27	0.000131377	0.002108	0	a
2	1	27	28	0.332012	0.004275	0	a
2	2	27	28	-0.00664887	0.00212	0	a
2	1	29	28	-0.152288	0.003122	0	a
2	2	29	28	0.0482361	0.00239	0	a
2	1	28	29	0.162737	0.003127	0	a
2	2	28	29	-0.0662409	0.002519	0	a
1	1	30	17	2.31522	0.01767	0	a
1	2	30	17	0.171408	0.003195	0	a
2	1	30	8	-0.72301	0.006962	0	a
2	2	30	8	0.114529	0.002842	0	a
2	1	8	30	0.748792	0.006981	0	a
2	2	8	30	-0.624071	0.006208	0	a
2	1	30	26	-2.2247	0.016937	0	a
2	2	30	26	0.127801	0.002905	0	a
2	1	26	30	2.27123	0.017205	0	a
2	2	26	30	-0.628929	0.006354	0	a
2	1	31	17	-0.138205	0.00303	0	a
2	2	31	17	-0.0923209	0.002715	0	a
2	1	17	31	0.184895	0.003038	1	a
2	2	17	31	0.0613885	0.002491	0	a
2	1	31	29	0.0831263	0.002639	0	a
2	2	31	29	0.0858306	0.002609	0	a
2	1	29	31	-0.0818277	0.002638	0	a
2	2	29	31	-0.0890523	0.002657	0	a
2	1	32	23	-0.896922	0.008158	0	a
2	2	32	23	-0.0587627	0.002467	0	a
2	1	23	32	0.955569	0.008348	0	a
2	2	23	32	0.0498798	0.002403	0	a
2	1	32	31	0.312301	0.004113	0	a
2	2	32	31	-0.128501	0.002992	0	a
2	1	31	32	-0.302029	0.00409	0	a
2	2	31	32	0.125028	0.002913	0	a
2	1	32	27	-0.119033	0.002895	0	a
2	2	32	27	-0.0295389	0.002314	0	a
2	1	27	32	0.125162	0.002898	0	a
2	2	27	32	0.0200496	0.002203	0	a
2	1	33	15	-0.0901162	0.00272	0	a
2	2	33	15	-0.00972275	0.002161	0	a
2	1	15	33	0.0994435	0.002723	0	a
2	2	15	33	-0.0150941	0.002191	0	a
2	1	34	19	0.0197558	0.002175	0	a
2	2	34	19	0.0558489	0.002431	0	a
2	1	19	34	-0.0114315	0.002172	0	a
2	2	19	34	-0.106996	0.002818	0	a
2	1	36	35	-0.00838582	0.002139	0	a
2	2	36	35	0.113521	0.002817	0	a
2	1	35	36	0.00775733	0.002139	0	a
2	2	35	36	-0.106912	0.002833	0	a
2	1	37	35	0.348104	0.004348	0	a
2	2	37	35	-0.0285724	0.002278	0	a
2	1	35	37	-0.335838	0.004339	0	a
2	2	35	37	0.024193	0.002233	0	a
2	1	37	33	0.139998	0.00298	0	a
2	2	37	33	0.0502866	0.00239	0	a
2	1	33	37	-0.138018	0.002973	0	a
2	2	33	37	-0.0737459	0.002599	0	a
2	1	36	34	-0.299028	0.004088	0	a
2	2	36	34	-0.0491573	0.002413	0	a
2	1	34	36	0.308273	0.004093	0	a
2	2	34	36	0.0496681	0.002394	0	a
2	1	37	34	0.930448	0.008173	0	a
2	2	37	34	-0.514743	0.005591	0	a
2	1	34	37	-0.894109	0.008154	0	a
2	2	34	37	0.536587	0.0056	0	a
1	1	38	37	2.845	0.020824	0	a
1	2	38	37	-0.20098	0.003407	0	a
2	1	39	37	-0.749176	0.007079	0	a
2	2	39	37	0.103257	0.002781	0	a
2	1	37	39	0.780748	0.007211	0	a
2	2	37	39	-0.0653949	0.002514	0	a
2	1	40	37	-0.617169	0.006251	0	a
2	2	40	37	0.182476	0.00327	0	a
2	1	37	40	0.650392	0.006432	0	a
2	2	37	40	-0.140413	0.003024	0	a
2	1	38	30	-0.610794	0.006217	0	a
2	2	38	30	-0.0231541	0.002242	0	a
2	1	30	38	0.619587	0.006229	0	a
2	2	30	38	-0.402762	0.004782	0	a
2	1	40	39	-0.472578	0.005243	0	a
2	2	40	39	0.221824	0.003535	0	a
2	1	39	40	0.493753	0.005279	0	a
2	2	39	40	-0.209493	0.003514	0	a
2	1	41	40	-0.347561	0.004439	0	a
2	2	41	40	0.0468631	0.002353	0	a
2	1	40	41	0.362332	0.004452	0	a
2	2	40	41	-0.0423085	0.002385	0	a
2	1	42	40	-0.0771438	0.002635	0	a
2	2	42	40	0.0872266	0.002644	0	a
2	1	40	42	0.0842765	0.002642	0	a
2	2	40	42	-0.121521	0.002918	0	a
2	1	42	41	0.0203888	0.002193	0	a
2	2	42	41	0.114275	0.002817	0	a
2	1	41	42	-0.0147032	0.002188	0	a
2	2	41	42	-0.139302	0.00302	0	a
2	1	44	43	0.217774	0.003262	1	a
2	2	44	43	-0.0388298	0.002348	0	a
2	1	43	44	-0.175126	0.003249	0	a
2	2	43	44	-0.00613943	0.002148	0	a
2	1	43	34	-0.00154019	0.002111	0	a
2	2	43	34	-0.0580643	0.002479	0	a
2	1	34	43	0.00845108	0.002112	0	a
2	2	34	43	0.0190513	0.00221	0	a
2	1	45	44	0.345703	0.004347	0	a
2	2	45	44	-0.0654818	0.002532	0	a
2	1	44	45	-0.326244	0.004329	0	a
2	2	44	45	0.0576956	0.00246	0	a
2	1	46	45	0.385111	0.004603	0	a
2	2	46	45	0.0227134	0.002213	0	a
2	1	45	46	-0.36693	0.004565	0	a
2	2	45	46	-0.0332576	0.002303	0	a
2	1	47	46	0.336207	0.00428	0	a
2	2	47	46	-0.0121037	0.002186	0	a
2	1	46	47	-0.319519	0.004254	0	a
2	2	46	47	4.65E-04	0.0021	0	a
2	1	48	46	0.143424	0.003038	0	a
2	2	48	46	0.0141626	0.002185	0	a
2	1	46	48	-0.135116	0.003029	0	a
2	2	46	48	-0.0559858	0.002481	0	a
2	1	49	47	0.048583	0.00237	0	a
2	2	49	47	0.120858	0.002859	0	a
2	1	47	49	-0.0422922	0.002368	0	a
2	2	47	49	-0.127693	0.002964	0	a
2	1	49	42	0.959071	0.008454	0	a
2	2	49	42	0.0172385	0.002184	0	a
2	1	42	49	-0.874496	0.008038	0	a
2	2	42	49	0.185139	0.003278	0	a
2	1	49	45	0.527807	0.005512	0	a
2	2	49	45	0.0291463	0.002239	0	a
2	1	45	49	-0.492987	0.005396	0	a
2	2	45	49	-0.0175239	0.002223	0	a
2	1	49	48	0.351112	0.004385	0	a
2	2	49	48	-0.0404329	0.002332	0	a
2	1	48	49	-0.336016	0.004371	0	a
2	2	48	49	0.0371682	0.002283	0	a
2	1	50	49	-0.570907	0.005925	0	a
2	2	50	49	-0.113335	0.00286	0	a
2	1	49	50	0.592288	0.005986	0	a
2	2	49	50	0.124853	0.002904	0	a
2	1	51	49	-0.697676	0.006754	0	a
2	2	51	49	-0.14967	0.003096	0	a
2	1	49	51	0.737639	0.006931	0	a
2	2	49	51	0.193295	0.003369	0	a
2	1	52	51	-0.296995	0.004111	0	a
2	2	52	51	-0.0610259	0.002501	0	a
2	1	51	52	0.316226	0.004125	0	a
2	2	51	52	0.05666	0.002456	0	a
2	1	53	52	-0.122073	0.002906	0	a
2	2	53	52	-0.0439663	0.002392	0	a
2	1	52	53	0.128374	0.002911	0	a
2	2	52	53	0.0157139	0.002167	0	a
2	1	54	53	0.106791	0.00279	0	a
2	2	54	53	0.0361704	0.002327	0	a
2	1	53	54	-0.0979259	0.002788	0	a
2	2	53	54	-0.0620175	0.002501	0	a
2	1	54	49	-0.418478	0.004882	0	a
2	2	54	49	-0.135822	0.002985	0	a
2	1	49	54	0.434407	0.004982	0	a
2	2	49	54	0.125298	0.002897	0	a
2	1	55	54	-0.0275257	0.002288	0	a
2	2	55	54	-0.0418807	0.00236	0	a
2	1	54	55	0.0344671	0.002289	0	a
2	2	54	55	0.0217286	0.002239	0	a
2	1	56	54	-0.101447	0.00279	0	a
2	2	56	54	-0.0704778	0.002563	0	a
2	1	54	56	0.10993	0.002791	0	a
2	2	54	56	0.0676983	0.00252	0	a
2	1	56	55	0.090902	0.002657	0	a
2	2	56	55	0.0965068	0.002725	0	a
2	1	55	56	-0.0808017	0.002657	0	a
2	2	55	56	-0.0919484	0.002745	0	a
2	1	57	56	0.282906	0.003937	0	a
2	2	57	56	0.0553643	0.002453	0	a
2	1	56	57	-0.268436	0.003917	0	a
2	2	56	57	-0.064776	0.002546	0	a
2	1	57	50	-0.394852	0.004737	0	a
2	2	57	50	-0.0818795	0.002653	0	a
2	1	50	57	0.410967	0.004792	0	a
2	2	50	57	0.0828038	0.002593	0	a
2	1	58	56	0.109281	0.002766	0	a
2	2	58	56	1.64E-05	0.002089	0	a
2	1	56	58	-0.104614	0.002764	0	a
2	2	56	58	-0.0166345	0.002211	0	a
2	1	58	51	-0.220656	0.003566	0	a
2	2	58	51	-0.0260879	0.002271	0	a
2	1	51	58	0.229338	0.003576	0	a
2	2	51	58	0.0206967	0.002186	0	a
2	1	59	54	0.485944	0.005323	0	a
2	2	59	54	0.0273131	0.002219	0	a
2	1	54	59	-0.468422	0.005241	0	a
2	2	54	59	-0.0200794	0.002217	0	a
2	1	59	56	0.45419	0.005143	0	a
2	2	59	56	-0.0239992	0.002251	0	a
2	1	56	59	-0.438879	0.005026	0	a
2	2	56	59	0.0286249	0.002262	0	a
2	1	59	55	0.535523	0.005586	0	a
2	2	59	55	0.0393881	0.002333	0	a
2	1	55	59	-0.509113	0.005495	0	a
2	2	55	59	-0.0295985	0.00227	0	a
2	1	60	59	0.482718	0.0053	0	a
2	2	60	59	-0.0473301	0.002418	0	a
2	1	59	60	-0.477445	0.00525	0	a
2	2	59	60	0.0521591	0.002402	0	a
2	1	61	59	0.576739	0.005863	0	a
2	2	61	59	-0.0500015	0.002424	0	a
2	1	59	61	-0.541814	0.005791	0	a
2	2	59	61	0.0652314	0.002497	0	a
2	1	61	60	1.12569	0.009478	0	a
2	2	61	60	-0.0734509	0.002593	0	a
2	1	60	61	-1.10906	0.009456	0	a
2	2	60	61	0.0841946	0.002609	0	a
2	1	62	60	0.159323	0.003127	0	a
2	2	62	60	0.0480686	0.002385	0	a
2	1	60	62	-0.15212	0.003124	0	a
2	2	60	62	-0.0538285	0.002471	0	a
2	1	62	61	-0.164147	0.003164	0	a
2	2	62	61	0.111527	0.00282	0	a
2	1	61	62	0.164464	0.003166	0	a
2	2	61	62	-0.114937	0.002875	0	a
1	1	63	59	1.66904	0.013145	0	a
1	2	63	59	-0.216496	0.003534	0	a
2	1	64	63	1.69339	0.013176	0	a
2	2	64	63	-0.381696	0.004646	0	a
2	1	63	64	-1.63855	0.013145	0	a
2	2	63	64	0.223892	0.003534	0	a
1	1	64	61	0.240099	0.00368	0	a
1	2	64	61	0.0999541	0.002722	0	a
2	1	65	38	2.27238	0.016989	0	a
2	2	65	38	-0.811627	0.007534	0	a
2	1	38	65	-2.14932	0.016687	0	a
2	2	38	65	0.223436	0.00357	0	a
2	1	65	64	1.94012	0.014844	0	a
2	2	65	64	-0.565246	0.005824	0	a
2	1	64	65	-1.88933	0.014776	0	a
2	2	64	65	0.292822	0.004004	0	a
2	1	66	49	1.98699	0.015205	0	a
2	2	66	49	0.0525742	0.002419	0	a
2	1	49	66	-1.89256	0.014783	0	a
2	2	49	66	0.250078	0.003719	0	a
2	1	66	62	0.459824	0.005127	0	a
2	2	66	62	0.138089	0.002986	0	a
2	1	62	66	-0.437173	0.005058	0	a
2	2	62	66	-0.145951	0.003078	0	a
2	1	67	62	0.331021	0.004218	0	a
2	2	67	62	0.102581	0.002774	0	a
2	1	62	67	-0.31024	0.004198	0	a
2	2	62	67	-0.115417	0.002896	0	a
1	1	65	66	-0.496434	0.005382	0	a
1	2	65	66	-3.18535	0.02342	0	a
2	1	67	66	-0.599597	0.006084	0	a
2	2	67	66	-0.170962	0.003241	0	a
2	1	66	67	0.627279	0.00614	0	a
2	2	66	67	0.183402	0.003301	0	a
2	1	68	65	-0.251602	0.003765	0	a
2	2	68	65	0.730168	0.007007	0	a
2	1	65	68	0.257411	0.003775	0	a
2	2	65	68	-1.35779	0.011249	0	a
2	1	69	47	0.672879	0.006492	0	a
2	2	69	47	-0.105785	0.002801	0	a
2	1	47	69	-0.615343	0.006259	0	a
2	2	47	69	0.151409	0.003069	0	a
2	1	69	49	0.568725	0.005836	0	a
2	2	69	49	-0.129018	0.002948	0	a
2	1	49	69	-0.531257	0.005637	0	a
2	2	49	69	0.1473	0.003017	0	a
1	1	68	69	-1.04996	0.009177	0	a
1	2	68	69	-2.32973	0.017695	0	a
2	1	70	69	-1.08753	0.009464	0	a
2	2	70	69	-0.11584	0.002864	0	a
2	1	69	70	1.15001	0.009719	0	a
2	2	69	70	0.158789	0.003111	0	a
2	1	70	24	0.0885276	0.002646	0	a
2	2	70	24	-0.0663791	0.00253	0	a
2	1	24	70	-0.0876417	0.002646	0	a
2	2	24	70	-0.0268072	0.002273	0	a
2	1	71	70	-0.180447	0.003331	0	a
2	2	71	70	0.122665	0.002893	0	a
2	1	70	71	0.190563	0.003334	0	a
2	2	70	71	-0.13142	0.002937	0	a
2	1	72	24	0.0101546	0.002125	0	a
2	2	72	24	-0.0814201	0.002647	0	a
2	1	24	72	-0.00312128	0.002123	0	a
2	2	24	72	0.0396236	0.002336	0	a
2	1	72	71	-0.121547	0.002925	0	a
2	2	72	71	-0.0234461	0.002251	0	a
2	1	71	72	0.128114	0.00293	0	a
2	2	71	72	-0.0134924	0.002175	0	a
2	1	73	71	-0.0557303	0.00248	0	a
2	2	73	71	0.103793	0.002725	0	a
2	1	71	73	0.063219	0.002481	0	a
2	2	71	73	-0.105661	0.002798	0	a
2	1	74	70	-0.165385	0.003189	0	a
2	2	74	70	-0.151473	0.003095	0	a
2	1	70	74	0.172851	0.003202	0	a
2	2	70	74	0.127292	0.002928	0	a
2	1	75	70	-0.00397705	0.002119	0	a
2	2	75	70	-0.13027	0.002951	0	a
2	1	70	75	0.00571218	0.002123	0	a
2	2	70	75	0.103222	0.002735	0	a
2	1	75	69	-1.10532	0.009521	0	a
2	2	75	69	-0.145902	0.003102	0	a
2	1	69	75	1.18954	0.009884	0	a
2	2	69	75	0.195491	0.003364	0	a
2	1	75	74	0.519815	0.005528	0	a
2	2	75	74	0.0628803	0.002492	0	a
2	1	74	75	-0.505358	0.005505	0	a
2	2	74	75	-0.0545119	0.002477	0	a
2	1	77	76	0.606053	0.006056	0	a
2	2	77	76	0.256177	0.003756	0	a
2	1	76	77	-0.578774	0.005931	0	a
2	2	76	77	-0.217555	0.003572	0	a
2	1	77	69	-0.772957	0.00734	0	a
2	2	77	69	-0.06837	0.002548	0	a
2	1	69	77	0.814969	0.007467	0	a
2	2	69	77	0.0244688	0.002241	0	a
2	1	77	75	0.314565	0.004134	0	a
2	2	77	75	0.0909001	0.00265	0	a
2	1	75	77	-0.305459	0.004091	0	a
2	2	75	77	-0.11382	0.002832	0	a
2	1	78	77	-0.215005	0.003541	0	a
2	2	78	77	-0.135229	0.003023	0	a
2	1	77	78	0.222154	0.003543	0	a
2	2	77	78	0.127563	0.002944	0	a
2	1	79	78	0.493938	0.005361	0	a
2	2	79	78	0.119186	0.002867	0	a
2	1	78	79	-0.490629	0.005352	0	a
2	2	78	79	-0.117809	0.00287	0	a
2	1	80	77	0.700355	0.006693	0	a
2	2	80	77	0.153553	0.003091	0	a
2	1	77	80	-0.67579	0.006602	0	a
2	2	77	80	-0.123943	0.002923	0	a
2	1	80	79	0.902827	0.008046	0	a
2	2	80	79	0.277567	0.003894	0	a
2	1	79	80	-0.876031	0.007961	0	a
2	2	79	80	-0.231554	0.003643	0	a
2	1	81	68	0.538897	0.00565	0	a
2	2	81	68	1.51581	0.012108	0	a
2	1	68	81	-0.528168	0.005607	0	a
2	2	68	81	-2.29195	0.017448	0	a
1	1	81	80	-0.528134	0.00565	0	a
1	2	81	80	-1.49351	0.012108	0	a
2	1	82	77	0.281922	0.003893	0	a
2	2	82	77	-0.350917	0.004449	0	a
2	1	77	82	-0.260819	0.003858	0	a
2	2	77	82	0.292034	0.00401	0	a
2	1	83	82	0.95571	0.008334	0	a
2	2	83	82	-0.435323	0.005031	0	a
2	1	82	83	-0.923192	0.008252	0	a
2	2	82	83	0.520213	0.005056	1	a
2	1	84	83	0.448642	0.005073	0	a
2	2	84	83	-0.219577	0.003586	0	a
2	1	83	84	-0.421335	0.004966	0	a
2	2	83	84	0.235938	0.003649	0	a
2	1	85	83	0.735527	0.006945	0	a
2	2	85	83	-0.153916	0.0031	0	a
2	1	83	85	-0.689121	0.006782	0	a
2	2	83	85	0.206857	0.003436	0	a
2	1	85	84	0.571576	0.005878	0	a
2	2	85	84	-0.143059	0.003048	0	a
2	1	84	85	-0.554133	0.005807	0	a
2	2	84	85	0.162784	0.00312	0	a
2	1	86	85	-0.163243	0.003217	0	a
2	2	86	85	0.0504832	0.002419	0	a
2	1	85	86	0.176007	0.003225	0	a
2	2	85	86	-0.0737318	0.00257	0	a
2	1	87	86	0.0421979	0.002347	0	a
2	2	87	86	0.116797	0.002815	0	a
2	1	86	87	-0.0369827	0.002343	0	a
2	2	86	87	-0.144567	0.003086	0	a
2	1	88	85	0.766894	0.007143	0	a
2	2	88	85	-0.121629	0.002897	0	a
2	1	85	88	-0.74629	0.007063	0	a
2	2	85	88	0.162833	0.00313	0	a
2	1	89	85	0.988157	0.008659	0	a
2	2	89	85	0.0461318	0.002349	0	a
2	1	85	89	-0.949623	0.008505	0	a
2	2	85	89	0.0863278	0.002618	0	a
2	1	89	88	1.28197	0.01049	0	a
2	2	89	88	0.070912	0.002553	1	a
2	1	88	89	-1.22986	0.010343	0	a
2	2	88	89	0.0247403	0.00223	0	a
2	1	90	89	-1.99413	0.015291	0	a
2	2	90	89	0.455078	0.005073	0	a
2	1	89	90	2.11377	0.015975	0	a
2	2	89	90	-0.119163	0.002911	0	a
2	1	91	90	-0.342554	0.004403	0	a
2	2	91	90	0.0439103	0.002365	0	a
2	1	90	91	0.353654	0.004425	0	a
2	2	90	91	-0.0540798	0.00243	0	a
2	1	92	89	-1.60881	0.012878	0	a
2	2	92	89	0.545382	0.005674	0	a
2	1	89	92	1.76793	0.013663	0	a
2	2	89	92	-0.105878	0.002791	0	a
2	1	92	91	-0.238533	0.003714	0	a
2	2	92	91	0.149703	0.003027	0	a
2	1	91	92	0.255302	0.003736	0	a
2	2	91	92	-0.157291	0.003165	0	a
2	1	93	92	-0.370386	0.004538	0	a
2	2	93	92	0.0697752	0.002522	0	a
2	1	92	93	0.379093	0.004563	0	a
2	2	92	93	-0.0737125	0.002581	0	a
2	1	94	92	-0.312186	0.004161	0	a
2	2	94	92	0.0906945	0.002663	0	a
2	1	92	94	0.319746	0.004197	0	a
2	2	92	94	-0.106368	0.002811	0	a
2	1	94	93	-0.247775	0.003726	0	a
2	2	94	93	0.12678	0.002905	0	a
2	1	93	94	0.256403	0.003738	0	a
2	2	93	94	-0.133463	0.002988	0	a
2	1	95	94	-0.224086	0.003611	0	a
2	2	95	94	-0.1561	0.003128	0	a
2	1	94	95	0.233835	0.003618	0	a
2	2	94	95	0.154351	0.003079	0	a
2	1	96	80	-0.274455	0.003876	0	a
2	2	96	80	-0.22017	0.003602	0	a
2	1	80	96	0.277694	0.003904	0	a
2	2	80	96	0.200835	0.003402	0	a
2	1	96	82	-0.111088	0.002835	0	a
2	2	96	82	0.117556	0.002846	0	a
2	1	82	96	0.117896	0.002838	0	a
2	2	82	96	-0.162643	0.003189	0	a
2	1	96	94	0.0043053	0.002112	0	a
2	2	96	94	0.00645289	0.002119	0	a
2	1	94	96	-0.00203	0.002112	0	a
2	2	94	96	-0.0271359	0.00227	0	a
2	1	97	80	-0.334734	0.004378	0	a
2	2	97	80	-0.252739	0.003788	0	a
2	1	80	97	0.35485	0.004399	0	a
2	2	80	97	0.245925	0.003718	0	a
2	1	98	80	-0.397416	0.00479	0	a
2	2	98	80	-0.0753941	0.002589	0	a
2	1	80	98	0.419249	0.004816	0	a
2	2	80	98	0.0637549	0.002502	0	a
2	1	99	80	-0.30829	0.004155	0	a
2	2	99	80	-0.0943778	0.002732	0	a
2	1	80	99	0.318538	0.004185	0	a
2	2	80	99	0.0618421	0.002486	0	a
2	1	100	92	-0.186896	0.003364	0	a
2	2	100	92	0.125423	0.002869	0	a
2	1	92	100	0.199678	0.003388	0	a
2	2	92	100	-0.150257	0.003077	0	a
2	1	100	94	-0.0270662	0.002275	0	a
2	2	100	94	0.451274	0.005043	0	a
2	1	94	100	0.0340927	0.002301	0	a
2	2	94	100	-0.491368	0.005364	0	a
2	1	96	95	0.197692	0.003356	0	a
2	2	96	95	0.139589	0.003025	0	a
2	1	95	96	-0.18522	0.003349	0	a
2	2	95	96	-0.147403	0.003099	0	a
2	1	97	96	0.200672	0.003378	0	a
2	2	97	96	0.168066	0.003188	0	a
2	1	96	97	-0.187514	0.00337	0	a
2	2	96	97	-0.181393	0.003308	0	a
2	1	100	98	-0.0653753	0.002522	0	a
2	2	100	98	-0.0415943	0.00238	0	a
2	1	98	100	0.0688581	0.002524	0	a
2	2	98	100	-4.48E-03	0.002105	0	a
2	1	100	99	0.109454	0.002807	0	a
2	2	100	99	0.0535315	0.002431	0	a
2	1	99	100	-0.106475	0.002805	0	a
2	2	99	100	-0.0672413	0.00257	0	a
2	1	101	100	0.0541164	0.002447	0	a
2	2	101	100	-0.22212	0.003566	0	a
2	1	100	101	-0.0514935	0.002439	0	a
2	2	100	101	0.199627	0.003385	0	a
2	1	102	92	-0.325378	0.004261	0	a
2	2	102	92	0.0652774	0.002495	0	a
2	1	92	102	0.337596	0.004271	0	a
2	2	92	102	-0.0716608	0.002548	0	a
2	1	102	101	0.283678	0.003928	0	a
2	2	102	101	-0.0891197	0.002695	0	a
2	1	101	102	-0.273166	0.003914	0	a
2	2	101	102	0.0725848	0.002566	0	a
2	1	103	100	-1.18751	0.01004	0	a
2	2	103	100	0.245423	0.003704	0	a
2	1	100	103	1.2166	0.010197	0	a
2	2	100	103	-0.218808	0.003557	0	a
2	1	104	100	-0.53324	0.005729	0	a
2	2	104	100	-0.0928182	0.002707	0	a
2	1	100	104	0.572608	0.005826	0	a
2	2	100	104	0.110526	0.00279	0	a
2	1	104	103	-0.313809	0.004204	0	a
2	2	104	103	-0.156498	0.003135	0	a
2	1	103	104	0.334405	0.004243	0	a
2	2	103	104	0.144316	0.003004	0	a
2	1	105	103	-0.41096	0.004897	0	a
2	2	105	103	-0.135905	0.002979	0	a
2	1	103	105	0.443497	0.00497	0	a
2	2	103	105	0.130736	0.002937	0	a
2	1	106	100	-0.579381	0.005956	0	a
2	2	106	100	-0.0681702	0.002555	0	a
2	1	100	106	0.611449	0.006104	0	a
2	2	100	106	0.0947201	0.002712	0	a
2	1	105	104	-0.475053	0.005302	0	a
2	2	105	104	-0.0238486	0.002254	0	a
2	1	104	105	0.485125	0.005319	0	a
2	2	104	105	0.0275271	0.002255	0	a
2	1	106	105	-0.0845993	0.00267	0	a
2	2	106	105	-0.0501896	0.002423	0	a
2	1	105	106	0.0894723	0.002671	0	a
2	2	105	106	0.040622	0.002339	0	a
2	1	107	105	-0.260029	0.003836	0	a
2	2	107	105	-0.0030109	0.002117	0	a
2	1	105	107	0.26623	0.003864	0	a
2	2	105	107	-0.0206187	0.002238	0	a
2	1	108	105	-0.237763	0.003665	0	a
2	2	108	105	0.101709	0.002741	0	a
2	1	105	108	0.238464	0.003678	0	a
2	2	105	108	-0.103518	0.002822	0	a
2	1	107	106	-0.232358	0.003657	0	a
2	2	107	106	0.00787779	0.002117	0	a
2	1	106	107	0.246708	0.003679	0	a
2	2	106	107	-0.0373042	0.002328	0	a
2	1	109	108	-0.211123	0.003527	0	a
2	2	109	108	0.103606	0.002773	0	a
2	1	108	109	0.215055	0.003532	0	a
2	2	108	109	-0.109143	0.002808	0	a
2	1	110	103	-0.589887	0.006023	0	a
2	2	110	103	-0.0590925	0.00249	0	a
2	1	103	110	0.613077	0.00612	0	a
2	2	103	110	0.0893629	0.002637	0	a
2	1	110	109	-0.132698	0.002987	0	a
2	2	110	109	0.11658	0.002865	0	a
2	1	109	110	0.140108	0.002994	0	a
2	2	109	110	-0.131303	0.002973	0	a
2	1	111	110	0.355438	0.00448	0	a
2	2	111	110	-0.0161386	0.002203	0	a
2	1	110	111	-0.350884	0.00446	0	a
2	2	110	111	0.0118414	0.002144	0	a
2	1	112	110	-0.672172	0.006613	0	a
2	2	112	110	0.295624	0.003981	0	a
2	1	110	112	0.700722	0.006711	0	a
2	2	110	112	-0.300856	0.004121	0	a
2	1	113	17	-0.0152047	0.002198	0	a
2	2	113	17	0.218756	0.003508	0	a
2	1	17	113	0.0224819	0.002201	0	a
2	2	17	113	-0.214019	0.003549	0	a
2	1	113	32	-0.0384629	0.002362	0	a
2	2	113	32	0.137685	0.002979	0	a
2	1	32	113	0.0445452	0.002374	0	a
2	2	32	113	-0.175656	0.003272	0	a
2	1	114	32	-0.0912781	0.002713	0	a
2	2	114	32	-0.0298898	0.002293	0	a
2	1	32	114	0.0991058	0.002714	0	a
2	2	32	114	0.0174056	0.002197	0	a
2	1	115	27	-0.201459	0.003447	0	a
2	2	115	27	-0.0622298	0.002517	0	a
2	1	27	115	0.212588	0.003452	0	a
2	2	27	115	0.0554559	0.002419	0	a
2	1	115	114	-0.0126741	0.00218	0	a
2	2	115	114	-0.00206482	0.00211	0	a
2	1	114	115	0.0152262	0.00218	0	a
2	2	114	115	0.00761587	0.002093	0	a
2	1	116	68	-1.81276	0.014347	0	a
2	2	116	68	-3.99102	0.028758	0	a
2	1	68	116	1.85455	0.014389	0	a
2	2	68	116	3.9016	0.028137	0	a
2	1	117	12	-0.195034	0.003413	0	a
2	2	117	12	-0.0753109	0.002613	0	a
2	1	12	117	0.20464	0.003424	0	a
2	2	12	117	0.055626	0.002426	0	a
2	1	118	75	-0.432119	0.004965	0	a
2	2	118	75	-0.218969	0.003569	0	a
2	1	75	118	0.436141	0.00499	0	a
2	2	75	118	0.220308	0.003579	0	a
2	1	118	76	0.105582	0.002765	0	a
2	2	118	76	0.0775683	0.002569	0	a
2	1	76	118	-0.100275	0.002762	0	a
2	2	76	118	-0.0836646	0.002643	0	a
4	1	5	5	0	0.00208	0	a
4	2	5	5	0.400007	0.004727	0	a
4	1	34	34	0	0.00208	0	a
4	2	34	34	-0.127816	0.002984	0	a
4	1	37	37	0	0.00208	0	a
4	2	37	37	0.244052	0.003685	0	a
4	1	44	44	0	0.00208	0	a
4	2	44	44	-0.0941714	0.002726	0	a
4	1	45	45	0	0.00208	0	a
4	2	45	45	-0.0957948	0.002728	0	a
4	1	46	46	0	0.00208	0	a
4	2	46	46	-0.0991828	0.002753	0	a
4	1	48	48	0	0.00208	0	a
4	2	48	48	-0.159107	0.003122	0	a
4	1	74	74	0	0.00208	0	a
4	2	74	74	-0.10366	0.002814	0	a
4	1	79	79	0	0.00208	0	a
4	2	79	79	-0.200079	0.003438	0	a
4	1	82	82	0	0.00208	0	a
4	2	82	82	-0.190722	0.003377	0	a
4	1	83	83	0	0.00208	0	a
4	2	83	83	-0.0945178	0.002721	0	a
4	1	105	105	0	0.00208	0	a
4	2	105	105	-0.181741	0.003322	0	a
4	1	107	107	0	0.00208	0	a
4	2	107	107	-0.0505058	0.002443	0	a
4	1	110	110	0	0.00208	0	a
4	2	110	110	-0.0516208	0.002459	0	a

