1078							
3	5	10	10	1.05	0.00908	0	a
3	5	9	9	1.04292	0.009033	0	a
3	5	73	73	0.991	0.008687	0	a
3	5	87	87	1.015	0.008847	0	a
3	5	86	86	0.986691	0.008658	0	a
3	5	111	111	0.98	0.008613	0	a
3	5	112	112	0.975	0.00858	0	a
3	5	116	116	1.005	0.00878	0	a
3	5	117	117	0.973824	0.008572	0	a
3	5	1	1	0.955	0.008447	0	a
3	5	2	2	0.971393	0.008556	0	a
3	5	3	3	0.966305	0.008522	0	a
3	5	4	4	0.998	0.008733	0	a
3	5	6	6	0.99	0.00868	0	a
3	5	7	7	0.989329	0.008676	0	a
3	5	8	8	1.015	0.008847	0	a
3	5	13	13	0.967485	0.00853	0	a
3	5	14	14	0.983587	0.008637	0	a
3	5	16	16	0.981149	0.008621	0	a
3	5	18	18	0.973	0.008567	0	a
3	5	20	20	0.956816	0.008459	0	a
3	5	21	21	0.95755	0.008464	0	a
3	5	22	22	0.968835	0.008539	0	a
3	5	26	26	1.015	0.008847	0	a
3	5	28	28	0.961568	0.00849	0	a
3	5	29	29	0.963217	0.008501	0	a
3	5	33	33	0.966503	0.008523	0	a
3	5	35	35	0.978856	0.008606	0	a
3	5	36	36	0.98	0.008613	0	a
3	5	39	39	0.965524	0.008517	0	a
3	5	41	41	0.966869	0.008526	0	a
3	5	40	40	0.97	0.008547	0	a
3	5	42	42	0.985	0.008647	0	a
3	5	43	43	0.976986	0.008593	0	a
3	5	44	44	0.984227	0.008642	0	a
3	5	47	47	1.01655	0.008857	0	a
3	5	48	48	1.02065	0.008884	0	a
3	5	46	46	1.005	0.00878	0	a
3	5	45	45	0.986225	0.008655	0	a
3	5	50	50	1.00073	0.008752	0	a
3	5	52	52	0.956093	0.008454	0	a
3	5	53	53	0.94561	0.008384	0	a
3	5	57	57	0.970213	0.008548	0	a
3	5	58	58	0.958612	0.008471	0	a
3	5	63	63	1.01581	0.008852	0	a
3	5	67	67	1.01934	0.008876	0	a
3	5	68	68	1.02143	0.00889	0	a
3	5	71	71	0.986832	0.008659	0	a
3	5	72	72	0.98	0.008613	0	a
3	5	24	24	0.992	0.008693	0	a
3	5	74	74	0.958	0.008467	0	a
3	5	70	70	0.984	0.00864	0	a
3	5	76	76	0.943	0.008367	0	a
3	5	78	78	1.00351	0.00877	0	a
3	5	79	79	1.00904	0.008807	0	a
3	5	81	81	1.05962	0.009144	0	a
3	5	84	84	0.977462	0.008596	0	a
3	5	83	83	0.980423	0.008616	0	a
3	5	88	88	0.985795	0.008652	0	a
3	5	85	85	0.985	0.008647	0	a
3	5	90	90	0.985	0.008647	0	a
3	5	91	91	0.98	0.008613	0	a
3	5	89	89	1.005	0.00878	0	a
3	5	93	93	0.98639	0.008656	0	a
3	5	95	95	0.980585	0.008617	0	a
3	5	97	97	1.01092	0.008819	0	a
3	5	98	98	1.02324	0.008902	0	a
3	5	99	99	1.01	0.008813	0	a
3	5	101	101	0.992156	0.008694	0	a
3	5	102	102	0.989669	0.008678	0	a
3	5	107	107	0.952	0.008427	0	a
3	5	106	106	0.961146	0.008488	0	a
3	5	108	108	0.966212	0.008521	0	a
3	5	109	109	0.967026	0.008527	0	a
3	5	110	110	0.973	0.008567	0	a
3	5	113	113	0.993	0.0087	0	a
3	5	114	114	0.960094	0.008481	0	a
3	5	115	115	0.960023	0.00848	0	a
3	5	118	118	0.949318	0.008409	0	a
3	5	75	75	0.967149	0.008528	0	a
3	5	5	5	0.996271	0.008722	0	a
3	5	11	11	0.984056	0.00864	0	a
3	5	12	12	0.99	0.00868	0	a
3	5	25	25	1.05	0.00908	0	a
3	5	31	31	0.967	0.008527	0	a
3	5	32	32	0.963	0.0085	0	a
3	5	27	27	0.968	0.008533	0	a
3	5	34	34	0.984	0.00864	0	a
3	5	37	37	0.981332	0.008622	0	a
3	5	51	51	0.966208	0.008521	0	a
3	5	55	55	0.952	0.008427	0	a
3	5	54	54	0.955	0.008447	0	a
3	5	56	56	0.954	0.00844	0	a
3	5	60	60	0.993119	0.008701	0	a
3	5	62	62	0.998	0.008733	0	a
3	5	59	59	0.985	0.008647	0	a
3	5	61	61	0.995	0.008713	0	a
3	5	64	64	1.01268	0.008831	0	a
3	5	66	66	1.05	0.00908	0	a
3	5	65	65	1.005	0.00878	0	a
3	5	38	38	1.03742	0.008996	0	a
3	5	30	30	1.03018	0.008948	0	a
3	5	17	17	0.986558	0.008657	0	a
3	5	15	15	0.97	0.008547	0	a
3	5	19	19	0.962	0.008493	0	a
3	5	23	23	0.999427	0.008743	0	a
3	5	49	49	1.025	0.008913	0	a
3	5	77	77	1.006	0.008787	0	a
3	5	80	80	1.04	0.009013	0	a
3	5	96	96	0.992065	0.008694	0	a
3	5	82	82	0.98638	0.008656	0	a
3	5	92	92	0.99	0.00868	0	a
3	5	94	94	0.990431	0.008683	0	a
3	5	100	100	1.017	0.00886	0	a
3	5	103	103	1.01	0.008813	0	a
3	5	104	104	0.971	0.008553	0	a
3	5	105	105	0.965	0.008513	0	a
3	5	69	69	1.035	0.00898	0	a
3	1	10	10	4.5	0.03208	0	a
3	2	10	10	-0.510422	0.005483	0	a
3	1	9	9	0	0.00208	0	a
3	2	9	9	2.00E-06	0.00208	0	a
3	1	73	73	-0.06	0.00248	0	a
3	2	73	73	0.096779	0.002725	0	a
3	1	87	87	0.04	0.002347	0	a
3	2	87	87	0.110216	0.002815	0	a
3	1	86	86	-0.21	0.00348	0	a
3	2	86	86	-0.1	0.002747	0	a
3	1	111	111	0.36	0.00448	0	a
3	2	111	111	-0.018438	0.002203	0	a
3	1	112	112	-0.68	0.006613	0	a
3	2	112	112	0.285117	0.003981	0	a
3	1	116	116	-1.84	0.014347	0	a
3	2	116	116	-4.00175	0.028758	0	a
3	1	117	117	-0.2	0.003413	0	a
3	2	117	117	-0.08	0.002613	0	a
3	1	1	1	-0.51	0.00548	0	a
3	2	1	1	-0.269644	0.003878	0	a
3	1	2	2	-0.2	0.003413	0	a
3	2	2	2	-0.09	0.00268	0	a
3	1	3	3	-0.39	0.00468	0	a
3	2	3	3	-0.1	0.002747	0	a
3	1	4	4	-0.39	0.00468	0	a
3	2	4	4	0.460494	0.00515	0	a
3	1	6	6	-0.52	0.005547	0	a
3	2	6	6	0.045454	0.002383	0	a
3	1	7	7	-0.19	0.003347	0	a
3	2	7	7	-0.02	0.002213	0	a
3	1	8	8	-0.28	0.003947	0	a
3	2	8	8	-1.23151	0.01029	0	a
3	1	13	13	-0.34	0.004347	0	a
3	2	13	13	-0.16	0.003147	0	a
3	1	14	14	-0.14	0.003013	0	a
3	2	14	14	-0.01	0.002147	0	a
3	1	16	16	-0.25	0.003747	0	a
3	2	16	16	-0.1	0.002747	0	a
3	1	18	18	-0.6	0.00608	0	a
3	2	18	18	0.111363	0.002822	0	a
3	1	20	20	-0.18	0.00328	0	a
3	2	20	20	-0.03	0.00228	0	a
3	1	21	21	-0.14	0.003013	0	a
3	2	21	21	-0.08	0.002613	0	a
3	1	22	22	-0.1	0.002747	0	a
3	2	22	22	-0.05	0.002413	0	a
3	1	26	26	3.14	0.023013	0	a
3	2	26	26	-2.72046	0.020216	0	a
3	1	28	28	-0.17	0.003213	0	a
3	2	28	28	-0.07	0.002547	0	a
3	1	29	29	-0.24	0.00368	0	a
3	2	29	29	-0.04	0.002347	0	a
3	1	33	33	-0.23	0.003613	0	a
3	2	33	33	-0.09	0.00268	0	a
3	1	35	35	-0.33	0.00428	0	a
3	2	35	35	-0.09	0.00268	0	a
3	1	36	36	-0.31	0.004147	0	a
3	2	36	36	0.06058	0.002484	0	a
3	1	39	39	-0.27	0.00388	0	a
3	2	39	39	-0.11	0.002813	0	a
3	1	41	41	-0.37	0.004547	0	a
3	2	41	41	-0.1	0.002747	0	a
3	1	40	40	-0.66	0.00648	0	a
3	2	40	40	0.225272	0.003582	0	a
3	1	42	42	-0.96	0.00848	0	a
3	2	42	42	0.374807	0.004579	0	a
3	1	43	43	-0.18	0.00328	0	a
3	2	43	43	-0.07	0.002547	0	a
3	1	44	44	-0.16	0.003147	0	a
3	2	44	44	-0.08	0.002613	0	a
3	1	47	47	-0.34	0.004347	0	a
3	2	47	47	1.00E-06	0.00208	0	a
3	1	48	48	-0.2	0.003413	0	a
3	2	48	48	-0.11	0.002813	0	a
3	1	46	46	-0.09	0.00268	0	a
3	2	46	46	-0.144236	0.003042	0	a
3	1	45	45	-0.53	0.005613	0	a
3	2	45	45	-0.22	0.003547	0	a
3	1	50	50	-0.17	0.003213	0	a
3	2	50	50	-0.04	0.002347	0	a
3	1	52	52	-0.18	0.00328	0	a
3	2	52	52	-0.05	0.002413	0	a
3	1	53	53	-0.23	0.003613	0	a
3	2	53	53	-0.11	0.002813	0	a
3	1	57	57	-0.12	0.00288	0	a
3	2	57	57	-0.03	0.00228	0	a
3	1	58	58	-0.12	0.00288	0	a
3	2	58	58	-0.03	0.00228	0	a
3	1	63	63	0	0.00208	0	a
3	2	63	63	0	0.00208	0	a
3	1	67	67	-0.28	0.003947	0	a
3	2	67	67	-0.07	0.002547	0	a
3	1	68	68	0	0.00208	0	a
3	2	68	68	2.00E-06	0.00208	0	a
3	1	71	71	0	0.00208	0	a
3	2	71	71	0	0.00208	0	a
3	1	72	72	-0.12	0.00288	0	a
3	2	72	72	-0.110729	0.002818	0	a
3	1	24	24	-0.13	0.002947	0	a
3	2	24	24	-0.154167	0.003108	0	a
3	1	74	74	-0.68	0.006613	0	a
3	2	74	74	-0.321943	0.004226	0	a
3	1	70	70	-0.66	0.00648	0	a
3	2	70	70	-0.088213	0.002668	0	a
3	1	76	76	-0.68	0.006613	0	a
3	2	76	76	-0.30822	0.004135	0	a
3	1	78	78	-0.71	0.006813	0	a
3	2	78	78	-0.26	0.003813	0	a
3	1	79	79	-0.39	0.00468	0	a
3	2	79	79	-0.32	0.004213	0	a
3	1	81	81	0	0.00208	0	a
3	2	81	81	0	0.00208	0	a
3	1	84	84	-0.11	0.002813	0	a
3	2	84	84	-0.07	0.002547	0	a
3	1	83	83	-0.2	0.003413	0	a
3	2	83	83	-0.1	0.002747	0	a
3	1	88	88	-0.48	0.00528	0	a
3	2	88	88	-0.1	0.002747	0	a
3	1	85	85	-0.24	0.00368	0	a
3	2	85	85	-0.133365	0.002969	0	a
3	1	90	90	-1.63	0.012947	0	a
3	2	90	90	0.396341	0.004722	0	a
3	1	91	91	-0.1	0.002747	0	a
3	2	91	91	-0.119956	0.00288	0	a
3	1	89	89	6.07	0.042547	0	a
3	2	89	89	-0.120049	0.00288	0	a
3	1	93	93	-0.12	0.00288	0	a
3	2	93	93	-0.07	0.002547	0	a
3	1	95	95	-0.42	0.00488	0	a
3	2	95	95	-0.31	0.004147	0	a
3	1	97	97	-0.15	0.00308	0	a
3	2	97	97	-0.09	0.00268	0	a
3	1	98	98	-0.34	0.004347	0	a
3	2	98	98	-0.08	0.002613	0	a
3	1	99	99	-0.42	0.00488	0	a
3	2	99	99	-0.171296	0.003222	0	a
3	1	101	101	-0.22	0.003547	0	a
3	2	101	101	-0.15	0.00308	0	a
3	1	102	102	-0.05	0.002413	0	a
3	2	102	102	-0.03	0.00228	0	a
3	1	107	107	-0.5	0.005413	0	a
3	2	107	107	-0.054422	0.002443	0	a
3	1	106	106	-0.43	0.004947	0	a
3	2	106	106	-0.16	0.003147	0	a
3	1	108	108	-0.02	0.002213	0	a
3	2	108	108	-0.01	0.002147	0	a
3	1	109	109	-0.08	0.002613	0	a
3	2	109	109	-0.03	0.00228	0	a
3	1	110	110	-0.39	0.00468	0	a
3	2	110	110	-0.297192	0.004061	0	a
3	1	113	113	-0.06	0.00248	0	a
3	2	113	113	0.349131	0.004408	0	a
3	1	114	114	-0.08	0.002613	0	a
3	2	114	114	-0.03	0.00228	0	a
3	1	115	115	-0.22	0.003547	0	a
3	2	115	115	-0.07	0.002547	0	a
3	1	118	118	-0.33	0.00428	0	a
3	2	118	118	-0.15	0.00308	0	a
3	1	75	75	-0.47	0.005213	0	a
3	2	75	75	-0.109999	0.002813	0	a
3	1	5	5	0	0.00208	0	a
3	2	5	5	0	0.00208	0	a
3	1	11	11	-0.7	0.006747	0	a
3	2	11	11	-0.23	0.003613	0	a
3	1	12	12	0.38	0.004613	0	a
3	2	12	12	0.906296	0.008122	0	a
3	1	25	25	2.2	0.016747	0	a
3	2	25	25	2.95715	0.021794	0	a
3	1	31	31	-0.36	0.00448	0	a
3	2	31	31	0.108982	0.002807	0	a
3	1	32	32	-0.59	0.006013	0	a
3	2	32	32	-0.391309	0.004689	0	a
3	1	27	27	-0.71	0.006813	0	a
3	2	27	27	-0.090758	0.002685	0	a
3	1	34	34	-0.59	0.006013	0	a
3	2	34	34	0.511715	0.005491	0	a
3	1	37	37	1.00E-06	0.00208	0	a
3	2	37	37	0	0.00208	0	a
3	1	51	51	-0.17	0.003213	0	a
3	2	51	51	-0.08	0.002613	0	a
3	1	55	55	-0.63	0.00628	0	a
3	2	55	55	-0.170317	0.003215	0	a
3	1	54	54	-0.65	0.006413	0	a
3	2	54	54	-0.029415	0.002276	0	a
3	1	56	56	-0.84	0.00768	0	a
3	2	56	56	-0.03806	0.002334	0	a
3	1	60	60	-0.78	0.00728	0	a
3	2	60	60	-0.03	0.00228	0	a
3	1	62	62	-0.77	0.007213	0	a
3	2	62	62	-0.115403	0.002849	0	a
3	1	59	59	-1.22	0.010213	0	a
3	2	59	59	0.466964	0.005193	0	a
3	1	61	61	1.6	0.012747	0	a
3	2	61	61	-0.34235	0.004362	0	a
3	1	64	64	0	0.00208	0	a
3	2	64	64	0	0.00208	0	a
3	1	66	66	3.53	0.025613	0	a
3	2	66	66	3.95524	0.028448	0	a
3	1	65	65	3.91	0.028147	0	a
3	2	65	65	-5.95618	0.041788	0	a
3	1	38	38	-1.00E-06	0.00208	0	a
3	2	38	38	7.00E-06	0.00208	0	a
3	1	30	30	3.00E-06	0.00208	0	a
3	2	30	30	2.00E-06	0.00208	0	a
3	1	17	17	-0.11	0.002813	0	a
3	2	17	17	-0.03	0.00228	0	a
3	1	15	15	-0.9	0.00808	0	a
3	2	15	15	0.002741	0.002098	0	a
3	1	19	19	-0.45	0.00508	0	a
3	2	19	19	-0.393204	0.004701	0	a
3	1	23	23	-0.07	0.002547	0	a
3	2	23	23	-0.03	0.00228	0	a
3	1	49	49	1.17	0.00988	0	a
3	2	49	49	0.944544	0.008377	0	a
3	1	77	77	-0.61	0.006147	0	a
3	2	77	77	0.559346	0.005809	0	a
3	1	80	80	3.47	0.025213	0	a
3	2	80	80	2.58041	0.019283	0	a
3	1	96	96	-0.38	0.004613	0	a
3	2	96	96	-0.15	0.00308	0	a
3	1	82	82	-0.54	0.00568	0	a
3	2	82	82	-0.269999	0.00388	0	a
3	1	92	92	-0.65	0.006413	0	a
3	2	92	92	0.276572	0.003924	0	a
3	1	94	94	-0.3	0.00408	0	a
3	2	94	94	-0.16	0.003147	0	a
3	1	100	100	2.15	0.016413	0	a
3	2	100	100	0.74585	0.007052	0	a
3	1	103	103	0.17	0.003213	0	a
3	2	103	103	0.594224	0.006041	0	a
3	1	104	104	-0.38	0.004613	0	a
3	2	104	104	-0.226117	0.003587	0	a
3	1	105	105	-0.31	0.004147	0	a
3	2	105	105	-0.443345	0.005036	0	a
2	1	2	1	0.124711	0.002911	0	a
2	2	2	1	0.110001	0.002813	0	a
2	1	1	2	-0.123734	0.002905	0	a
2	2	1	2	-0.130345	0.002949	0	a
2	1	3	1	0.388632	0.004671	0	a
2	2	3	1	0.137088	0.002994	0	a
2	1	1	3	-0.386266	0.004655	0	a
2	2	1	3	-0.139298	0.003009	0	a
2	1	5	4	1.04087	0.009019	0	a
2	2	5	4	-0.441304	0.005022	0	a
2	1	4	5	-1.0386	0.009004	0	a
2	2	4	5	0.449485	0.005077	0	a
2	1	5	3	0.693012	0.0067	0	a
2	2	5	3	0.132184	0.002961	0	a
2	1	3	5	-0.680832	0.006619	0	a
2	2	3	5	-0.104951	0.00278	0	a
2	1	6	5	-0.878401	0.007936	0	a
2	2	6	5	0.09384	0.002706	0	a
2	1	5	6	0.887893	0.007999	0	a
2	2	5	6	-0.064833	0.002512	0	a
2	1	7	6	-0.35779	0.004465	0	a
2	2	7	6	0.04577	0.002385	0	a
2	1	6	7	0.358401	0.004469	0	a
2	2	6	7	-0.048386	0.002403	0	a
2	1	9	8	4.45255	0.031764	0	a
2	2	9	8	0.24429	0.003709	0	a
2	1	8	9	-4.40635	0.031456	0	a
2	2	8	9	-0.897337	0.008062	0	a
1	1	8	5	3.39126	0.024688	0	a
1	2	8	5	0.285089	0.003981	0	a
2	1	10	9	4.5	0.03208	0	a
2	2	10	9	-0.510422	0.005483	0	a
2	1	9	10	-4.45255	0.031764	0	a
2	2	9	10	-0.244288	0.003709	0	a
2	1	11	4	-0.639768	0.006345	0	a
2	2	11	4	0.000909	0.002086	0	a
2	1	4	11	0.648604	0.006404	0	a
2	2	4	11	0.011009	0.002153	0	a
2	1	11	5	-0.757362	0.007129	0	a
2	2	11	5	0.06185	0.002492	0	a
2	1	5	11	0.76949	0.00721	0	a
2	2	5	11	-0.038145	0.002334	0	a
2	1	12	11	-0.3416	0.004357	0	a
2	2	12	11	0.403664	0.004771	0	a
2	1	11	12	0.34331	0.004369	0	a
2	2	11	12	-0.402923	0.004766	0	a
2	1	12	2	0.327536	0.004264	0	a
2	2	12	2	0.194185	0.003375	0	a
2	1	2	12	-0.324711	0.004245	0	a
2	2	2	12	-0.200001	0.003413	0	a
2	1	12	3	0.09896	0.00274	0	a
2	2	12	3	0.09712	0.002727	0	a
2	1	3	12	-0.0978	0.002732	0	a
2	2	3	12	-0.132137	0.002961	0	a
2	1	12	7	-0.167509	0.003197	0	a
2	2	12	7	0.058319	0.002469	0	a
2	1	7	12	0.16779	0.003199	0	a
2	2	7	12	-0.06577	0.002518	0	a
2	1	13	11	-0.350617	0.004417	0	a
2	2	13	11	-0.117504	0.002863	0	a
2	1	11	13	0.35382	0.004439	0	a
2	2	11	13	0.110165	0.002814	0	a
2	1	14	12	-0.186102	0.003321	0	a
2	2	14	12	-0.040274	0.002348	0	a
2	1	12	14	0.186894	0.003326	0	a
2	2	12	14	0.025193	0.002248	0	a
2	1	15	13	-0.010594	0.002151	0	a
2	2	15	13	-0.016253	0.002188	0	a
2	1	13	15	0.010617	0.002151	0	a
2	2	13	15	-0.042496	0.002363	0	a
2	1	15	14	-0.045788	0.002385	0	a
2	2	15	14	-0.077145	0.002594	0	a
2	1	14	15	0.046102	0.002387	0	a
2	2	14	15	0.030274	0.002282	0	a
2	1	16	12	-0.073914	0.002573	0	a
2	2	16	12	-0.095527	0.002717	0	a
2	1	12	16	0.074194	0.002575	0	a
2	2	12	16	0.075842	0.002586	0	a
2	1	17	15	1.07256	0.00923	0	a
2	2	17	15	0.053397	0.002436	0	a
2	1	15	17	-1.05688	0.009126	0	a
2	2	15	17	-0.043988	0.002373	0	a
2	1	17	16	0.177564	0.003264	0	a
2	2	17	16	-0.034773	0.002312	0	a
2	1	16	17	-0.176086	0.003254	0	a
2	2	16	17	-0.004473	0.00211	0	a
2	1	18	17	-0.80797	0.007466	0	a
2	2	18	17	-0.05388	0.002439	0	a
2	1	17	18	0.816481	0.007523	0	a
2	2	17	18	0.076363	0.002589	0	a
2	1	19	18	-0.207114	0.003461	0	a
2	2	19	18	-0.172165	0.003228	0	a
2	1	18	19	0.20797	0.003466	0	a
2	2	18	19	0.165243	0.003182	0	a
2	1	20	19	0.113236	0.002835	0	a
2	2	20	19	-0.07939	0.002609	0	a
2	1	19	20	-0.112765	0.002832	0	a
2	2	19	20	0.054151	0.002441	0	a
2	1	19	15	-0.116352	0.002856	0	a
2	2	19	15	-0.16447	0.003176	0	a
2	1	15	19	0.116858	0.002859	0	a
2	2	15	19	0.156708	0.003125	0	a
2	1	21	20	0.295025	0.004047	0	a
2	2	21	20	-0.060879	0.002486	0	a
2	1	20	21	-0.293236	0.004035	0	a
2	2	20	21	0.04939	0.002409	0	a
2	1	22	21	0.439341	0.005009	0	a
2	2	22	21	0.016325	0.002189	0	a
2	1	21	22	-0.435025	0.00498	0	a
2	2	21	22	-0.019121	0.002207	0	a
2	1	23	22	0.550021	0.005747	0	a
2	2	23	22	0.076842	0.002592	0	a
2	1	22	23	-0.539341	0.005676	0	a
2	2	22	23	-0.066324	0.002522	0	a
2	1	24	23	-0.038621	0.002337	0	a
2	2	24	23	-0.163647	0.003171	0	a
2	1	23	24	0.038907	0.002339	0	a
2	2	23	24	0.115315	0.002849	0	a
2	1	25	23	1.63985	0.013012	0	a
2	2	25	23	0.388839	0.004672	0	a
2	1	23	25	-1.59911	0.012741	0	a
2	2	23	25	-0.270665	0.003884	0	a
1	1	26	25	0.871299	0.007889	0	a
1	2	26	25	-2.07938	0.015943	0	a
2	1	27	25	-1.36778	0.011199	0	a
2	2	27	25	-0.154024	0.003107	0	a
2	1	25	27	1.43145	0.011623	0	a
2	2	25	27	0.300464	0.004083	0	a
2	1	28	27	-0.326998	0.00426	0	a
2	2	28	27	-0.004209	0.002108	0	a
2	1	27	28	0.329211	0.004275	0	a
2	2	27	28	-0.006006	0.00212	0	a
2	1	29	28	-0.156289	0.003122	0	a
2	2	29	28	0.046567	0.00239	0	a
2	1	28	29	0.156998	0.003127	0	a
2	2	28	29	-0.065791	0.002519	0	a
1	1	30	17	2.33845	0.01767	0	a
1	2	30	17	0.167252	0.003195	0	a
2	1	30	8	-0.7323	0.006962	0	a
2	2	30	8	0.114327	0.002842	0	a
2	1	8	30	0.735087	0.006981	0	a
2	2	8	30	-0.61926	0.006208	0	a
2	1	30	26	-2.22855	0.016937	0	a
2	2	30	26	0.123703	0.002905	0	a
2	1	26	30	2.2687	0.017205	0	a
2	2	26	30	-0.641079	0.006354	0	a
2	1	31	17	-0.142432	0.00303	0	a
2	2	31	17	-0.095296	0.002715	0	a
2	1	17	31	0.143758	0.003038	0	a
2	2	17	31	0.061596	0.002491	0	a
2	1	31	29	0.083872	0.002639	0	a
2	2	31	29	0.07933	0.002609	0	a
2	1	29	31	-0.083711	0.002638	0	a
2	2	29	31	-0.086567	0.002657	0	a
2	1	32	23	-0.911762	0.008158	0	a
2	2	32	23	-0.058123	0.002467	0	a
2	1	23	32	0.940179	0.008348	0	a
2	2	23	32	0.048509	0.002403	0	a
2	1	32	31	0.304931	0.004113	0	a
2	2	32	31	-0.136782	0.002992	0	a
2	1	31	32	-0.30144	0.00409	0	a
2	2	31	32	0.124947	0.002913	0	a
2	1	32	27	-0.122324	0.002895	0	a
2	2	32	27	-0.035073	0.002314	0	a
2	1	27	32	0.12271	0.002898	0	a
2	2	27	32	0.018393	0.002203	0	a
2	1	33	15	-0.096029	0.00272	0	a
2	2	33	15	-0.012134	0.002161	0	a
2	1	15	33	0.096404	0.002723	0	a
2	2	15	33	-0.016582	0.002191	0	a
2	1	34	19	0.014324	0.002175	0	a
2	2	34	19	0.052702	0.002431	0	a
2	1	19	34	-0.013769	0.002172	0	a
2	2	19	34	-0.11072	0.002818	0	a
2	1	36	35	-0.008837	0.002139	0	a
2	2	36	35	0.110563	0.002817	0	a
2	1	35	36	0.008867	0.002139	0	a
2	2	35	36	-0.113001	0.002833	0	a
2	1	37	35	0.340195	0.004348	0	a
2	2	37	35	-0.02966	0.002278	0	a
2	1	35	37	-0.338867	0.004339	0	a
2	2	35	37	0.023001	0.002233	0	a
2	1	37	33	0.134933	0.00298	0	a
2	2	37	33	0.046438	0.00239	0	a
2	1	33	37	-0.133971	0.002973	0	a
2	2	33	37	-0.077866	0.002599	0	a
2	1	36	34	-0.301163	0.004088	0	a
2	2	36	34	-0.049983	0.002413	0	a
2	1	34	36	0.302005	0.004093	0	a
2	2	34	36	0.047099	0.002394	0	a
2	1	37	34	0.91401	0.008173	0	a
2	2	37	34	-0.526719	0.005591	0	a
2	1	34	37	-0.911065	0.008154	0	a
2	2	34	37	0.528032	0.0056	0	a
1	1	38	37	2.81161	0.020824	0	a
1	2	38	37	-0.199102	0.003407	0	a
2	1	39	37	-0.749865	0.007079	0	a
2	2	39	37	0.105082	0.002781	0	a
2	1	37	39	0.769703	0.007211	0	a
2	2	37	39	-0.065157	0.002514	0	a
2	1	40	37	-0.625627	0.006251	0	a
2	2	40	37	0.178503	0.00327	0	a
2	1	37	40	0.652773	0.006432	0	a
2	2	37	40	-0.141579	0.003024	0	a
2	1	38	30	-0.620565	0.006217	0	a
2	2	38	30	-0.024354	0.002242	0	a
2	1	30	38	0.622402	0.006229	0	a
2	2	30	38	-0.405279	0.004782	0	a
2	1	40	39	-0.474467	0.005243	0	a
2	2	40	39	0.218294	0.003535	0	a
2	1	39	40	0.479865	0.005279	0	a
2	2	39	40	-0.215082	0.003514	0	a
2	1	41	40	-0.353813	0.004439	0	a
2	2	41	40	0.040983	0.002353	0	a
2	1	40	41	0.355789	0.004452	0	a
2	2	40	41	-0.045809	0.002385	0	a
2	1	42	40	-0.083251	0.002635	0	a
2	2	42	40	0.084664	0.002644	0	a
2	1	40	42	0.084305	0.002642	0	a
2	2	40	42	-0.125715	0.002918	0	a
2	1	42	41	0.016882	0.002193	0	a
2	2	42	41	0.110507	0.002817	0	a
2	1	41	42	-0.016187	0.002188	0	a
2	2	41	42	-0.140983	0.00302	0	a
2	1	44	43	0.177314	0.003262	0	a
2	2	44	43	-0.040142	0.002348	0	a
2	1	43	44	-0.175333	0.003249	0	a
2	2	43	44	-0.010214	0.002148	0	a
2	1	43	34	-0.004667	0.002111	0	a
2	2	43	34	-0.059786	0.002479	0	a
2	1	34	43	0.004736	0.002112	0	a
2	2	34	43	0.019438	0.00221	0	a
2	1	45	44	0.340051	0.004347	0	a
2	2	45	44	-0.067744	0.002532	0	a
2	1	44	45	-0.337314	0.004329	0	a
2	2	44	45	0.057013	0.00246	0	a
2	1	46	45	0.378436	0.004603	0	a
2	2	46	45	0.02	0.002213	0	a
2	1	45	46	-0.37271	0.004565	0	a
2	2	45	46	-0.033504	0.002303	0	a
2	1	47	46	0.33004	0.00428	0	a
2	2	47	46	-0.015865	0.002186	0	a
2	1	46	47	-0.326035	0.004254	0	a
2	2	46	47	-0.003033	0.0021	0	a
2	1	48	46	0.143686	0.003038	0	a
2	2	48	46	0.01582	0.002185	0	a
2	1	46	48	-0.142401	0.003029	0	a
2	2	46	48	-0.0602	0.002481	0	a
2	1	49	47	0.04349	0.00237	0	a
2	2	49	47	0.116871	0.002859	0	a
2	1	47	49	-0.04317	0.002368	0	a
2	2	47	49	-0.132538	0.002964	0	a
2	1	49	42	0.956093	0.008454	0	a
2	2	49	42	0.015636	0.002184	0	a
2	1	42	49	-0.893632	0.008038	0	a
2	2	42	49	0.179636	0.003278	0	a
2	1	49	45	0.514735	0.005512	0	a
2	2	49	45	0.023872	0.002239	0	a
2	1	45	49	-0.497341	0.005396	0	a
2	2	45	49	-0.021488	0.002223	0	a
2	1	49	48	0.345739	0.004385	0	a
2	2	49	48	-0.037808	0.002332	0	a
2	1	48	49	-0.343686	0.004371	0	a
2	2	48	49	0.030439	0.002283	0	a
2	1	50	49	-0.576783	0.005925	0	a
2	2	50	49	-0.116995	0.00286	0	a
2	1	49	50	0.585961	0.005986	0	a
2	2	49	50	0.123617	0.002904	0	a
2	1	51	49	-0.701066	0.006754	0	a
2	2	51	49	-0.152376	0.003096	0	a
2	1	49	51	0.727621	0.006931	0	a
2	2	49	51	0.193304	0.003369	0	a
2	1	52	51	-0.304585	0.004111	0	a
2	2	52	51	-0.063123	0.002501	0	a
2	1	51	52	0.306717	0.004125	0	a
2	2	51	52	0.056401	0.002456	0	a
2	1	53	52	-0.123853	0.002906	0	a
2	2	53	52	-0.046858	0.002392	0	a
2	1	52	53	0.124585	0.002911	0	a
2	2	52	53	0.013123	0.002167	0	a
2	1	54	53	0.10655	0.00279	0	a
2	2	54	53	0.037014	0.002327	0	a
2	1	53	54	-0.106147	0.002788	0	a
2	2	53	54	-0.063142	0.002501	0	a
2	1	54	49	-0.42036	0.004882	0	a
2	2	54	49	-0.135726	0.002985	0	a
2	1	49	54	0.435338	0.004982	0	a
2	2	49	54	0.122599	0.002897	0	a
2	1	55	54	-0.031263	0.002288	0	a
2	2	55	54	-0.042055	0.00236	0	a
2	1	54	55	0.031302	0.002289	0	a
2	2	54	55	0.023851	0.002239	0	a
2	1	56	54	-0.10655	0.00279	0	a
2	2	56	54	-0.072505	0.002563	0	a
2	1	54	56	0.106599	0.002791	0	a
2	2	54	56	0.066005	0.00252	0	a
2	1	56	55	0.08662	0.002657	0	a
2	2	56	55	0.096687	0.002725	0	a
2	1	55	56	-0.086527	0.002657	0	a
2	2	55	56	-0.099799	0.002745	0	a
2	1	57	56	0.278536	0.003937	0	a
2	2	57	56	0.055931	0.002453	0	a
2	1	56	57	-0.275544	0.003917	0	a
2	2	56	57	-0.069906	0.002546	0	a
2	1	57	50	-0.398536	0.004737	0	a
2	2	57	50	-0.085931	0.002653	0	a
2	1	50	57	0.406783	0.004792	0	a
2	2	50	57	0.076995	0.002593	0	a
2	1	58	56	0.102958	0.002766	0	a
2	2	58	56	-0.001387	0.002089	0	a
2	1	56	58	-0.102559	0.002764	0	a
2	2	56	58	-0.019621	0.002211	0	a
2	1	58	51	-0.222958	0.003566	0	a
2	2	58	51	-0.028613	0.002271	0	a
2	1	51	58	0.224349	0.003576	0	a
2	2	51	58	0.015974	0.002186	0	a
2	1	59	54	0.486489	0.005323	0	a
2	2	59	54	0.020801	0.002219	0	a
2	1	54	59	-0.47409	0.005241	0	a
2	2	54	59	-0.020559	0.002217	0	a
2	1	59	56	0.459437	0.005143	0	a
2	2	59	56	-0.025681	0.002251	0	a
2	1	56	59	-0.441967	0.005026	0	a
2	2	56	59	0.027285	0.002262	0	a
2	1	59	55	0.525928	0.005586	0	a
2	2	59	55	0.037961	0.002333	0	a
2	1	55	59	-0.512209	0.005495	0	a
2	2	55	59	-0.028463	0.00227	0	a
2	1	60	59	0.482971	0.0053	0	a
2	2	60	59	-0.050704	0.002418	0	a
2	1	59	60	-0.475441	0.00525	0	a
2	2	59	60	0.048367	0.002402	0	a
2	1	61	59	0.56742	0.005863	0	a
2	2	61	59	-0.051642	0.002424	0	a
2	1	59	61	-0.556719	0.005791	0	a
2	2	59	61	0.062554	0.002497	0	a
2	1	61	60	1.10963	0.009478	0	a
2	2	61	60	-0.076942	0.002593	0	a
2	1	60	61	-1.10634	0.009456	0	a
2	2	60	61	0.07941	0.002609	0	a
2	1	62	60	0.156975	0.003127	0	a
2	2	62	60	0.045703	0.002385	0	a
2	1	60	62	-0.156636	0.003124	0	a
2	2	60	62	-0.058706	0.002471	0	a
2	1	62	61	-0.16261	0.003164	0	a
2	2	62	61	0.111052	0.00282	0	a
2	1	61	62	0.16294	0.003166	0	a
2	2	61	62	-0.119278	0.002875	0	a
1	1	63	59	1.65969	0.013145	0	a
1	2	63	59	-0.21814	0.003534	0	a
2	1	64	63	1.66447	0.013176	0	a
2	2	64	63	-0.384844	0.004646	0	a
2	1	63	64	-1.65969	0.013145	0	a
2	2	63	64	0.21814	0.003534	0	a
1	1	64	61	0.239991	0.00368	0	a
1	2	64	61	0.096236	0.002722	0	a
2	1	65	38	2.23642	0.016989	0	a
2	2	65	38	-0.818122	0.007534	0	a
2	1	38	65	-2.19105	0.016687	0	a
2	2	38	65	0.223463	0.00357	0	a
2	1	65	64	1.91458	0.014844	0	a
2	2	65	64	-0.56167	0.005824	0	a
2	1	64	65	-1.90446	0.014776	0	a
2	2	64	65	0.288608	0.004004	0	a
2	1	66	49	1.96874	0.015205	0	a
2	2	66	49	0.050877	0.002419	0	a
2	1	49	66	-1.90539	0.014783	0	a
2	2	49	66	0.245855	0.003719	0	a
2	1	66	62	0.457005	0.005127	0	a
2	2	66	62	0.135928	0.002986	0	a
2	1	62	66	-0.446644	0.005058	0	a
2	2	62	66	-0.149711	0.003078	0	a
2	1	67	62	0.320634	0.004218	0	a
2	2	67	62	0.104107	0.002774	0	a
2	1	62	67	-0.317722	0.004198	0	a
2	2	62	67	-0.122447	0.002896	0	a
1	1	65	66	-0.495289	0.005382	0	a
1	2	65	66	-3.20097	0.02342	0	a
2	1	67	66	-0.600634	0.006084	0	a
2	2	67	66	-0.174107	0.003241	0	a
2	1	66	67	0.608964	0.00614	0	a
2	2	66	67	0.183136	0.003301	0	a
2	1	68	65	-0.252682	0.003765	0	a
2	2	68	65	0.738997	0.007007	0	a
2	1	65	68	0.254286	0.003775	0	a
2	2	65	68	-1.37542	0.011249	0	a
2	1	69	47	0.661761	0.006492	0	a
2	2	69	47	-0.108188	0.002801	0	a
2	1	47	69	-0.62687	0.006259	0	a
2	2	47	69	0.148404	0.003069	0	a
2	1	69	49	0.563454	0.005836	0	a
2	2	69	49	-0.130189	0.002948	0	a
2	1	49	69	-0.533584	0.005637	0	a
2	2	49	69	0.140597	0.003017	0	a
1	1	68	69	-1.06453	0.009177	0	a
1	2	68	69	-2.3423	0.017695	0	a
2	1	70	69	-1.10767	0.009464	0	a
2	2	70	69	-0.117607	0.002864	0	a
2	1	69	70	1.14579	0.009719	0	a
2	2	69	70	0.154578	0.003111	0	a
2	1	70	24	0.084887	0.002646	0	a
2	2	70	24	-0.067434	0.00253	0	a
2	1	24	70	-0.08487	0.002646	0	a
2	2	24	70	-0.028913	0.002273	0	a
2	1	71	70	-0.187575	0.003331	0	a
2	2	71	70	0.121939	0.002893	0	a
2	1	70	71	0.188038	0.003334	0	a
2	2	70	71	-0.128601	0.002937	0	a
2	1	72	24	0.006705	0.002125	0	a
2	2	72	24	-0.085054	0.002647	0	a
2	1	24	72	-0.006509	0.002123	0	a
2	2	24	72	0.038393	0.002336	0	a
2	1	72	71	-0.126704	0.002925	0	a
2	2	72	71	-0.025675	0.002251	0	a
2	1	71	72	0.127451	0.00293	0	a
2	2	71	72	-0.014291	0.002175	0	a
2	1	73	71	-0.06	0.00248	0	a
2	2	73	71	0.096779	0.002725	0	a
2	1	71	73	0.060125	0.002481	0	a
2	2	71	73	-0.107647	0.002798	0	a
2	1	74	70	-0.166323	0.003189	0	a
2	2	74	70	-0.152218	0.003095	0	a
2	1	70	74	0.168349	0.003202	0	a
2	2	70	74	0.127141	0.002928	0	a
2	1	75	70	-0.005802	0.002119	0	a
2	2	75	70	-0.130598	0.002951	0	a
2	1	70	75	0.006396	0.002123	0	a
2	2	70	75	0.098289	0.002735	0	a
2	1	75	69	-1.11621	0.009521	0	a
2	2	75	69	-0.153335	0.003102	0	a
2	1	69	75	1.17055	0.009884	0	a
2	2	69	75	0.192616	0.003364	0	a
2	1	75	74	0.517253	0.005528	0	a
2	2	75	74	0.061819	0.002492	0	a
2	1	74	75	-0.513677	0.005505	0	a
2	2	74	75	-0.059594	0.002477	0	a
2	1	77	76	0.596434	0.006056	0	a
2	2	77	76	0.251434	0.003756	0	a
2	1	76	77	-0.577627	0.005931	0	a
2	2	76	77	-0.22373	0.003572	0	a
2	1	77	69	-0.789005	0.00734	0	a
2	2	77	69	-0.070162	0.002548	0	a
2	1	69	77	0.808022	0.007467	0	a
2	2	69	77	0.0242	0.002241	0	a
2	1	77	75	0.308058	0.004134	0	a
2	2	77	75	0.085473	0.00265	0	a
2	1	75	77	-0.301695	0.004091	0	a
2	2	75	77	-0.112781	0.002832	0	a
2	1	78	77	-0.21918	0.003541	0	a
2	2	78	77	-0.141482	0.003023	0	a
2	1	77	78	0.219428	0.003543	0	a
2	2	77	78	0.129537	0.002944	0	a
2	1	79	78	0.492198	0.005361	0	a
2	2	79	78	0.118116	0.002867	0	a
2	1	78	79	-0.49082	0.005352	0	a
2	2	78	79	-0.118518	0.00287	0	a
2	1	80	77	0.691983	0.006693	0	a
2	2	80	77	0.151644	0.003091	0	a
2	1	77	80	-0.678236	0.006602	0	a
2	2	77	80	-0.126416	0.002923	0	a
2	1	80	79	0.894898	0.008046	0	a
2	2	80	79	0.272161	0.003894	0	a
2	1	79	80	-0.882198	0.007961	0	a
2	2	79	80	-0.234482	0.003643	0	a
2	1	81	68	0.535524	0.00565	0	a
2	2	81	68	1.50423	0.012108	0	a
2	1	68	81	-0.529102	0.005607	0	a
2	2	68	81	-2.30522	0.017448	0	a
1	1	81	80	-0.535524	0.00565	0	a
1	2	81	80	-1.50423	0.012108	0	a
2	1	82	77	0.271995	0.003893	0	a
2	2	82	77	-0.355386	0.004449	0	a
2	1	77	82	-0.266678	0.003858	0	a
2	2	77	82	0.28948	0.00401	0	a
2	1	83	82	0.93811	0.008334	0	a
2	2	83	82	-0.442652	0.005031	0	a
2	1	82	83	-0.925757	0.008252	0	a
2	2	82	83	0.446364	0.005056	0	a
2	1	84	83	0.449012	0.005073	0	a
2	2	84	83	-0.225975	0.003586	0	a
2	1	83	84	-0.432837	0.004966	0	a
2	2	83	84	0.23541	0.003649	0	a
2	1	85	83	0.729691	0.006945	0	a
2	2	85	83	-0.152928	0.0031	0	a
2	1	83	85	-0.705272	0.006782	0	a
2	2	83	85	0.203365	0.003436	0	a
2	1	85	84	0.569717	0.005878	0	a
2	2	85	84	-0.145133	0.003048	0	a
2	1	84	85	-0.559011	0.005807	0	a
2	2	84	85	0.155975	0.00312	0	a
2	1	86	85	-0.170531	0.003217	0	a
2	2	86	85	0.05091	0.002419	0	a
2	1	85	86	0.171725	0.003225	0	a
2	2	85	86	-0.073537	0.00257	0	a
2	1	87	86	0.04	0.002347	0	a
2	2	87	86	0.110216	0.002815	0	a
2	1	86	87	-0.039469	0.002343	0	a
2	2	86	87	-0.15091	0.003086	0	a
2	1	88	85	0.759493	0.007143	0	a
2	2	88	85	-0.122561	0.002897	0	a
2	1	85	88	-0.747377	0.007063	0	a
2	2	85	88	0.157557	0.00313	0	a
2	1	89	85	0.9869	0.008659	0	a
2	2	89	85	0.040315	0.002349	0	a
2	1	85	89	-0.963756	0.008505	0	a
2	2	85	89	0.080676	0.002618	0	a
2	1	89	88	1.26148	0.01049	0	a
2	2	89	88	0.070912	0.002553	0	a
2	1	88	89	-1.23949	0.010343	0	a
2	2	88	89	0.022561	0.00223	0	a
2	1	90	89	-1.9817	0.015291	0	a
2	2	90	89	0.448913	0.005073	0	a
2	1	89	90	2.08418	0.015975	0	a
2	2	89	90	-0.12459	0.002911	0	a
2	1	91	90	-0.348416	0.004403	0	a
2	2	91	90	0.042725	0.002365	0	a
2	1	90	91	0.351701	0.004425	0	a
2	2	90	91	-0.052571	0.00243	0	a
2	1	92	89	-1.6197	0.012878	0	a
2	2	92	89	0.539162	0.005674	0	a
2	1	89	92	1.73744	0.013663	0	a
2	2	89	92	-0.106686	0.002791	0	a
2	1	92	91	-0.245059	0.003714	0	a
2	2	92	91	0.142008	0.003027	0	a
2	1	91	92	0.248416	0.003736	0	a
2	2	91	92	-0.162681	0.003165	0	a
2	1	93	92	-0.36869	0.004538	0	a
2	2	93	92	0.06625	0.002522	0	a
2	1	92	93	0.372451	0.004563	0	a
2	2	92	93	-0.075177	0.002581	0	a
2	1	94	92	-0.31214	0.004161	0	a
2	2	94	92	0.087401	0.002663	0	a
2	1	92	94	0.317482	0.004197	0	a
2	2	92	94	-0.109662	0.002811	0	a
2	1	94	93	-0.246902	0.003726	0	a
2	2	94	93	0.123791	0.002905	0	a
2	1	93	94	0.24869	0.003738	0	a
2	2	93	94	-0.13625	0.002988	0	a
2	1	95	94	-0.229603	0.003611	0	a
2	2	95	94	-0.157219	0.003128	0	a
2	1	94	95	0.230643	0.003618	0	a
2	2	94	95	0.149858	0.003079	0	a
2	1	96	80	-0.269405	0.003876	0	a
2	2	96	80	-0.228252	0.003602	0	a
2	1	80	96	0.273535	0.003904	0	a
2	2	80	96	0.19834	0.003402	0	a
2	1	96	82	-0.113221	0.002835	0	a
2	2	96	82	0.114925	0.002846	0	a
2	1	82	96	0.113762	0.002838	0	a
2	2	82	96	-0.166388	0.003189	0	a
2	1	96	94	0.004743	0.002112	0	a
2	2	96	94	0.00587	0.002119	0	a
2	1	94	96	-0.004734	0.002112	0	a
2	2	94	96	-0.028441	0.00227	0	a
2	1	97	80	-0.344717	0.004378	0	a
2	2	97	80	-0.256222	0.003788	0	a
2	1	80	97	0.347905	0.004399	0	a
2	2	80	97	0.245774	0.003718	0	a
2	1	98	80	-0.406551	0.00479	0	a
2	2	98	80	-0.076324	0.002589	0	a
2	1	80	98	0.410394	0.004816	0	a
2	2	80	98	0.063322	0.002502	0	a
2	1	99	80	-0.311233	0.004155	0	a
2	2	99	80	-0.097755	0.002732	0	a
2	1	80	99	0.315762	0.004185	0	a
2	2	80	99	0.060927	0.002486	0	a
2	1	100	92	-0.192646	0.003364	0	a
2	2	100	92	0.118348	0.002869	0	a
2	1	92	100	0.196248	0.003388	0	a
2	2	92	100	-0.14949	0.003077	0	a
2	1	100	94	-0.029223	0.002275	0	a
2	2	100	94	0.444488	0.005043	0	a
2	1	94	100	0.033133	0.002301	0	a
2	2	94	100	-0.492609	0.005364	0	a
2	1	96	95	0.191419	0.003356	0	a
2	2	96	95	0.141711	0.003025	0	a
2	1	95	96	-0.190397	0.003349	0	a
2	2	95	96	-0.152781	0.003099	0	a
2	1	97	96	0.194717	0.003378	0	a
2	2	97	96	0.166222	0.003188	0	a
2	1	96	97	-0.193536	0.00337	0	a
2	2	96	97	-0.184254	0.003308	0	a
2	1	100	98	-0.066366	0.002522	0	a
2	2	100	98	-0.045025	0.00238	0	a
2	1	98	100	0.066551	0.002524	0	a
2	2	98	100	-0.003676	0.002105	0	a
2	1	100	99	0.109044	0.002807	0	a
2	2	100	99	0.052608	0.002431	0	a
2	1	99	100	-0.108767	0.002805	0	a
2	2	99	100	-0.073541	0.00257	0	a
2	1	101	100	0.055089	0.002447	0	a
2	2	101	100	-0.222921	0.003566	0	a
2	1	100	101	-0.0538	0.002439	0	a
2	2	100	101	0.195686	0.003385	0	a
2	1	102	92	-0.327171	0.004261	0	a
2	2	102	92	0.06231	0.002495	0	a
2	1	92	102	0.328576	0.004271	0	a
2	2	92	102	-0.07027	0.002548	0	a
2	1	102	101	0.277171	0.003928	0	a
2	2	102	101	-0.09231	0.002695	0	a
2	1	101	102	-0.275089	0.003914	0	a
2	2	101	102	0.072921	0.002566	0	a
2	1	103	100	-1.19402	0.01004	0	a
2	2	103	100	0.243578	0.003704	0	a
2	1	100	103	1.21753	0.010197	0	a
2	2	100	103	-0.221485	0.003557	0	a
2	1	104	100	-0.547294	0.005729	0	a
2	2	104	100	-0.094124	0.002707	0	a
2	1	100	104	0.561847	0.005826	0	a
2	2	100	104	0.10647	0.00279	0	a
2	1	104	103	-0.318549	0.004204	0	a
2	2	104	103	-0.158317	0.003135	0	a
2	1	103	104	0.324521	0.004243	0	a
2	2	103	104	0.138671	0.003004	0	a
2	1	105	103	-0.422486	0.004897	0	a
2	2	105	103	-0.134804	0.002979	0	a
2	1	103	105	0.433511	0.00497	0	a
2	2	103	105	0.128485	0.002937	0	a
2	1	106	100	-0.581359	0.005956	0	a
2	2	106	100	-0.07123	0.002555	0	a
2	1	100	106	0.603612	0.006104	0	a
2	2	100	106	0.09476	0.002712	0	a
2	1	105	104	-0.483344	0.005302	0	a
2	2	105	104	-0.026061	0.002254	0	a
2	1	104	105	0.485843	0.005319	0	a
2	2	104	105	0.026323	0.002255	0	a
2	1	106	105	-0.088482	0.00267	0	a
2	2	106	105	-0.051517	0.002423	0	a
2	1	105	106	0.088631	0.002671	0	a
2	2	105	106	0.038799	0.002339	0	a
2	1	107	105	-0.263473	0.003836	0	a
2	2	107	105	-0.005549	0.002117	0	a
2	1	105	107	0.267547	0.003864	0	a
2	2	105	107	-0.023749	0.002238	0	a
2	1	108	105	-0.237746	0.003665	0	a
2	2	108	105	0.099223	0.002741	0	a
2	1	105	108	0.239651	0.003678	0	a
2	2	105	108	-0.111285	0.002822	0	a
2	1	107	106	-0.236527	0.003657	0	a
2	2	107	106	0.005505	0.002117	0	a
2	1	106	107	0.239841	0.003679	0	a
2	2	106	107	-0.037253	0.002328	0	a
2	1	109	108	-0.217087	0.003527	0	a
2	2	109	108	0.103929	0.002773	0	a
2	1	108	109	0.217746	0.003532	0	a
2	2	108	109	-0.109223	0.002808	0	a
2	1	110	103	-0.591489	0.006023	0	a
2	2	110	103	-0.061524	0.00249	0	a
2	1	103	110	0.605988	0.00612	0	a
2	2	103	110	0.083489	0.002637	0	a
2	1	110	109	-0.136068	0.002987	0	a
2	2	110	109	0.117716	0.002865	0	a
2	1	109	110	0.137087	0.002994	0	a
2	2	109	110	-0.133929	0.002973	0	a
2	1	111	110	0.36	0.00448	0	a
2	2	111	110	-0.018438	0.002203	0	a
2	1	110	111	-0.357029	0.00446	0	a
2	2	110	111	0.009561	0.002144	0	a
2	1	112	110	-0.68	0.006613	0	a
2	2	112	110	0.285117	0.003981	0	a
2	1	110	112	0.694586	0.006711	0	a
2	2	110	112	-0.306142	0.004121	0	a
2	1	113	17	-0.017647	0.002198	0	a
2	2	113	17	0.214212	0.003508	0	a
2	1	17	113	0.01809	0.002201	0	a
2	2	17	113	-0.220275	0.003549	0	a
2	1	113	32	-0.042353	0.002362	0	a
2	2	113	32	0.13492	0.002979	0	a
2	1	32	113	0.044071	0.002374	0	a
2	2	32	113	-0.178807	0.003272	0	a
2	1	114	32	-0.094944	0.002713	0	a
2	2	114	32	-0.031891	0.002293	0	a
2	1	32	114	0.095085	0.002714	0	a
2	2	32	114	0.017477	0.002197	0	a
2	1	115	27	-0.205057	0.003447	0	a
2	2	115	27	-0.065568	0.002517	0	a
2	1	27	115	0.205862	0.003452	0	a
2	2	27	115	0.050878	0.002419	0	a
2	1	115	114	-0.014943	0.00218	0	a
2	2	115	114	-0.004432	0.00211	0	a
2	1	114	115	0.014944	0.00218	0	a
2	2	114	115	0.001891	0.002093	0	a
2	1	116	68	-1.84	0.014347	0	a
2	2	116	68	-4.00175	0.028758	0	a
2	1	68	116	1.84631	0.014389	0	a
2	2	68	116	3.90853	0.028137	0	a
2	1	117	12	-0.2	0.003413	0	a
2	2	117	12	-0.08	0.002613	0	a
2	1	12	117	0.201525	0.003424	0	a
2	2	12	117	0.051973	0.002426	0	a
2	1	118	75	-0.432679	0.004965	0	a
2	2	118	75	-0.223368	0.003569	0	a
2	1	75	118	0.436456	0.00499	0	a
2	2	75	118	0.224895	0.003579	0	a
2	1	118	76	0.102679	0.002765	0	a
2	2	118	76	0.073368	0.002569	0	a
2	1	76	118	-0.102372	0.002762	0	a
2	2	76	118	-0.08449	0.002643	0	a
4	1	5	5	0	0.00208	0	a
4	2	5	5	0.397022	0.004727	0	a
4	1	34	34	0	0.00208	0	a
4	2	34	34	-0.135556	0.002984	0	a
4	1	37	37	0	0.00208	0	a
4	2	37	37	0.240753	0.003685	0	a
4	1	44	44	0	0.00208	0	a
4	2	44	44	-0.09687	0.002726	0	a
4	1	45	45	0	0.00208	0	a
4	2	45	45	-0.097264	0.002728	0	a
4	1	46	46	0	0.00208	0	a
4	2	46	46	-0.101002	0.002753	0	a
4	1	48	48	0	0.00208	0	a
4	2	48	48	-0.156259	0.003122	0	a
4	1	74	74	0	0.00208	0	a
4	2	74	74	-0.110132	0.002814	0	a
4	1	79	79	0	0.00208	0	a
4	2	79	79	-0.203634	0.003438	0	a
4	1	82	82	0	0.00208	0	a
4	2	82	82	-0.194589	0.003377	0	a
4	1	83	83	0	0.00208	0	a
4	2	83	83	-0.096123	0.002721	0	a
4	1	105	105	0	0.00208	0	a
4	2	105	105	-0.186245	0.003322	0	a
4	1	107	107	0	0.00208	0	a
4	2	107	107	-0.054378	0.002443	0	a
4	1	110	110	0	0.00208	0	a
4	2	110	110	-0.056804	0.002459	0	a

